-1.5708
-1.5707
-1.5703
-1.5691
-1.5667
-1.5627
-1.5568
-1.5487
-1.538
-1.5245
-1.5081
-1.4886
-1.4659
-1.4402
-1.4114
-1.3798
-1.3455
-1.309
-1.2705
-1.2305
-1.1894
-1.1478
-1.1062
-1.065
-1.0249
-0.98641
-0.95001
-0.91619
-0.8854
-0.85803
-0.83439
-0.81475
-0.7993
-0.78813
-0.78127
-0.77867
-0.78019
-0.7856
-0.79463
-0.80692
-0.82205
-0.83957
-0.85898
-0.87974
-0.90131
-0.92315
-0.94471
-0.96547
-0.98496
-1.0027
-1.0184
-1.0316
-1.0421
-1.0497
-1.0544
-1.056
-1.0547
-1.0506
-1.0439
-1.0348
-1.0239
-1.0114
-0.99783
-0.98371
-0.96956
-0.95592
-0.94334
-0.93237
-0.92352
-0.91729
-0.91414
-0.91445
-0.91856
-0.92675
-0.93922
-0.95608
-0.97737
-1.0031
-1.033
-1.0671
-1.1049
-1.1463
-1.1907
-1.2377
-1.2869
-1.3377
-1.3895
-1.4418
-1.494
-1.5456
-1.5959
-1.6445
-1.6909
-1.7346
-1.7752
-1.8124
-1.8459
-1.8754
-1.9007
-1.9218
-1.9385
-1.9509
-1.9589
-1.9628
-1.9625
-1.9584
-1.9504
-1.939
-1.9243
-1.9065
-1.8859
-1.8627
-1.8372
-1.8096
-1.7801
-1.7489
-1.7161
-1.682
-1.6467
-1.6102
-1.5728
-1.5345
-1.4954
-1.4555
-1.4151
-1.3741
-1.3328
-1.2911
-1.2493
-1.2075
-1.1658
-1.1246
-1.0839
-1.0441
-1.0055
-0.96824
-0.93277
-0.89939
-0.86843
-0.84025
-0.81519
-0.79358
-0.77575
-0.76197
-0.75253
-0.74764
-0.74748
-0.75218
-0.76183
-0.77641
-0.7959
-0.82017
-0.84903
-0.88223
-0.91947
-0.96037
-1.0045
-1.0514
-1.1004
-1.1512
-1.203
-1.2554
-1.3076
-1.359
-1.4092
-1.4575
-1.5035
-1.5465
-1.5864
-1.6225
-1.6548
-1.6828
-1.7066
-1.7261
-1.7411
-1.7519
-1.7586
-1.7614
-1.7606
-1.7565
-1.7495
-1.7401
-1.7286
-1.7156
-1.7014
-1.6866
-1.6716
-1.6568
-1.6425
-1.6291
-1.6169
-1.606
-1.5966
-1.5887
-1.5825
-1.5778
-1.5745
-1.5724
-1.5713
-1.5709