0.0015736
0.0015961
0.0016183
0.00164
0.0016609
0.0016807
0.001699
0.0017157
0.0017305
0.0017431
0.0017534
0.0017611
0.0017661
0.0017683
0.0017674
0.0017633
0.001756
0.0017454
0.0017314
0.0017139
0.001693
0.0016686
0.0016407
0.0016093
0.0015746
0.0015365
0.0014952
0.0014508
0.0014033
0.001353
0.0012999
0.0012443
0.0011863
0.0011263
0.0010643
0.0010006
0.00093559
0.00086944
0.00080248
0.00073501
0.00066737
0.0005999
0.00053295
0.0004669
0.00040212
0.00033903
0.00027802
0.00021953
0.00016398
0.00011182
6.3507e-05
1.9509e-05
-1.97e-05
-5.3637e-05
-8.1809e-05
-0.00010372
-0.00011885
-0.00012671
-0.00012676
-0.00011848
-0.00010136
-7.4846e-05
-3.8417e-05
8.4661e-06
6.6341e-05
0.00013574
0.00021722
0.0003113
0.00041852
0.00053942
0.00067452
0.00082436
0.00098946
0.0011703
0.0013675
0.0015815
0.0018127
0.0020618
0.0023291
0.0026152
0.0029205
0.0032454
0.0035905
0.003956
0.0043426
0.0047504
0.0051801
0.0056318
0.0061061
0.0066031
0.0071233
0.007667
0.0082345
0.008826
0.0094417
0.010082
0.010747
0.011437
0.012152
0.012893
0.013659
0.01445
0.015267
0.01611
0.016978
0.017873
0.018793
0.019739
0.02071
0.021707
0.02273
0.023778
0.024852
0.02595
0.027074
0.028222
0.029395
0.030592
0.031813
0.033057
0.034325
0.035615
0.036928
0.038264
0.03962
0.040998
0.042397
0.043816
0.045254
0.046712
0.048188
0.049682
0.051193
0.052721
0.054264
0.055823
0.057397
0.058984
0.060585
0.062197
0.063822
0.065456
0.067101
0.068755
0.070417
0.072086
0.073761
0.075442
0.077128
0.078817
0.080509
0.082203
0.083897
0.085592
0.087285
0.088975
0.090663
0.092346
0.094025
0.095696
0.097361
0.099017
0.10066
0.1023
0.10393
0.10554
0.10714
0.10872
0.11029
0.11185
0.11338
0.1149
0.11639
0.11787
0.11932
0.12076
0.12216
0.12355
0.12491
0.12624
0.12754
0.12882
0.13006
0.13128
0.13247
0.13362
0.13474
0.13583
0.13688
0.1379
0.13888
0.13982
0.14073
0.1416
0.14243
0.14322
0.14397
0.14468
0.14535
0.14598
0.14657
0.14711
0.14761
0.14806
0.14847
0.14884
0.14916
0.14944
0.14967
0.14986
0.15
0.15009
0.15014
0.15014
0.15009
0.15
0.14986
0.14968
0.14944
0.14916
0.14884
0.14847
0.14805
0.14759
0.14708
0.14652
0.14592
0.14527
0.14458
0.14385
0.14307
0.14225
0.14139
0.14048
0.13953
0.13854
0.13751
0.13644
0.13533
0.13419
0.133
0.13178
0.13052
0.12922
0.12789
0.12653
0.12513
0.1237
0.12224
0.12075
0.11923
0.11768
0.11611
0.11451
0.11288
0.11123
0.10955
0.10785
0.10614
0.1044
0.10264
0.10087
0.099077
0.097272
0.095452
0.093619
0.091774
0.089919
0.088055
0.086183
0.084304
0.08242
0.080531
0.078639
0.076745
0.07485
0.072956
0.071064
0.069175
0.06729
0.065411
0.063538
0.061674
0.059818
0.057973
0.05614
0.054319
0.052512
0.050719
0.048943
0.047185
0.045444
0.043724
0.042023
0.040345
0.038689
0.037056
0.035449
0.033867
0.032311
0.030783
0.029284
0.027814
0.026375
0.024967
0.02359
0.022247
0.020937
0.019661
0.018421
0.017216
0.016047
0.014916
0.013823
0.012767
0.011751
0.010774
0.0098368
0.00894
0.008084
0.0072693
0.0064962
0.005765
0.0050761
0.0044298
0.0038263
0.0032659
0.0027487
0.0022749
0.0018447
0.0014582
0.0011154
0.0008164
0.00056118
0.00034974
0.00018202
5.7957e-05
-2.2569e-05
-5.9693e-05
-5.358e-05
-4.4284e-06
8.7538e-05
0.00022207
0.00039887
0.00061765
0.00087806
0.0011797
0.0015223
0.0019053
0.0023284
0.002791
0.0032927
0.003833
0.0044112
0.005027
0.0056796
0.0063684
0.007093
0.0078525
0.0086464
0.009474
0.010335
0.011227
0.012152
0.013107
0.014092
0.015106
0.016149
0.017219
0.018316
0.019439
0.020588
0.02176
0.022956
0.024175
0.025415
0.026676
0.027957
0.029257
0.030575
0.031911
0.033263
0.03463
0.036011
0.037407
0.038815
0.040235
0.041666
0.043106
0.044556
0.046015
0.04748
0.048952
0.05043
0.051912
0.053398
0.054888
0.056379
0.057872
0.059365
0.060858
0.06235
0.06384
0.065328
0.066812
0.068292
0.069767
0.071237
0.0727
0.074157
0.075605
0.077046
0.078477
0.079899
0.081311
0.082712
0.084102
0.08548
0.086846
0.088199
0.089538
0.090864
0.092175
0.093472
0.094754
0.09602
0.097271
0.098505
0.099723
0.10092
0.10211
0.10327
0.10442
0.10555
0.10667
0.10776
0.10884
0.1099
0.11094
0.11196
0.11296
0.11394
0.11491
0.11585
0.11678
0.11768
0.11857
0.11944
0.12029
0.12112
0.12194
0.12273
0.12351
0.12427
0.12501
0.12573
0.12643
0.12712
0.12779
0.12844
0.12908
0.1297
0.1303
0.13088
0.13145
0.13201
0.13255
0.13307
0.13358
0.13408
0.13456
0.13503
0.13548
0.13592
0.13635
0.13677
0.13717
0.13756
0.13795
0.13832
0.13867
0.13902
0.13936
0.13969
0.14001
0.14032
0.14062
0.14092
0.1412
0.14148
0.14175
0.14202
0.14227
0.14252
0.14277
0.14301
0.14324
0.14347
0.14369
0.1439
0.14412
0.14432
0.14453
0.14473
0.14492
0.14512
0.1453
0.14549
0.14567
0.14585
0.14602
0.1462
0.14636
0.14653
0.14669
0.14686
0.14701
0.14717
0.14732
0.14747
0.14762
0.14776
0.14791
0.14804
0.14818
0.14831
0.14844
0.14857
0.14869
0.14881
0.14892
0.14903
0.14914
0.14924
0.14934
0.14943
0.14951
0.1496
0.14967
0.14974
0.1498
0.14986
0.14991
0.14995
0.14999
0.15001
0.15003
0.15004
0.15004
0.15003
0.15001
0.14998
0.14994
0.14989
0.14983
0.14976
0.14967
0.14957
0.14946
0.14933
0.1492
0.14904
0.14887
0.14869
0.14849
0.14828
0.14805
0.1478
0.14754
0.14725
0.14695
0.14663
0.1463
0.14594
0.14557
0.14517
0.14476
0.14432
0.14386
0.14339
0.14289
0.14237
0.14183
0.14126
0.14068
0.14007
0.13943
0.13878
0.1381
0.1374
0.13667
0.13593
0.13515
0.13436
0.13354
0.13269
0.13182
0.13093
0.13001
0.12907
0.12811
0.12712
0.12611
0.12507
0.12401
0.12293
0.12182
0.12069
0.11954
0.11836
0.11716
0.11594
0.1147
0.11344
0.11215
0.11085
0.10952
0.10817
0.10681
0.10542
0.10402
0.1026
0.10116
0.0997
0.098226
0.096737
0.095232
0.093713
0.09218
0.090633
0.089073
0.087502
0.085919
0.084326
0.082723
0.08111
0.07949
0.077862
0.076228
0.074588
0.072943
0.071294
0.069641
0.067987
0.066331
0.064675
0.063019
0.061365
0.059713
0.058064
0.05642
0.054781
0.053148
0.051523
0.049905
0.048297
0.046699
0.045112
0.043537
0.041976
0.040429
0.038896
0.03738
0.035881
0.034401
0.032939
0.031497
0.030077
0.028679
0.027303
0.025952
0.024625
0.023324
0.02205
0.020803
0.019585
0.018397
0.017239
0.016111
0.015016
0.013954
0.012925
0.01193
0.010971
0.010047
0.0091604
0.0083108
0.0074991
0.006726
0.0059922
0.0052983
0.0046449
0.0040325
0.0034617
0.0029329
0.0024467
0.0020036
0.0016038
0.001248
0.00093635
0.00066928
0.0004471
0.00027008
0.00013849
5.2555e-05
1.2458e-05
1.8365e-05
7.0408e-05
0.00016868
0.00031326
0.00050418
0.00074144
0.001025
0.0013548
0.0017308
0.0021528
0.0026207
0.0031342
0.0036932
0.0042974
0.0049465
0.0056401
0.006378
0.0071598
0.0079849
0.0088531
0.0097637
0.010716
0.01171
0.012745
0.01382
0.014935
0.016089
0.017281
0.018511
0.019777
0.021079
0.022417
0.023789
0.025194
0.026633
0.028102
0.029603
0.031134
0.032693
0.034281
0.035895
0.037535
0.0392
0.040889
0.0426
0.044332
0.046086
0.047858
0.049648
0.051455
0.053278
0.055116
0.056966
0.058829
0.060703
0.062586
0.064477
0.066376
0.06828
0.070189
0.072101
0.074016
0.075931
0.077845
0.079758
0.081668
0.083573
0.085473
0.087366
0.089251
0.091126
0.092991
0.094844
0.096684
0.098509
0.10032
0.10211
0.10389
0.10564
0.10738
0.10909
0.11079
0.11246
0.1141
0.11572
0.11731
0.11887
0.12041
0.12191
0.12339
0.12483
0.12624
0.12761
0.12895
0.13026
0.13153
0.13276
0.13396
0.13512
0.13623
0.13731
0.13835
0.13934
0.1403
0.14121
0.14208
0.14291
0.14369
0.14443
0.14512
0.14577
0.14637
0.14693
0.14744
0.14791
0.14833
0.1487
0.14903
0.1493
0.14954
0.14972
0.14986
0.14995
0.15
0.15
0.14995
0.14985
0.14971
0.14953
0.14929
0.14902
0.14869
0.14833
0.14791
0.14746
0.14696
0.14641
0.14583
0.1452
0.14453
0.14382
0.14307
0.14228
0.14145
0.14058
0.13968
0.13873
0.13775
0.13674
0.13569
0.13461
0.13349
0.13234
0.13116
0.12995
0.12871
0.12744
0.12614
0.12482
0.12347
0.1221
0.1207
0.11928
0.11783
0.11637
0.11488
0.11338
0.11186
0.11032
0.10876
0.10719
0.10561
0.10401
0.10241
0.10079
0.099159
0.097522
0.095877
0.094225
0.092568
0.090906
0.08924
0.087572
0.085902
0.084232
0.082562
0.080893
0.079227
0.077563
0.075904
0.07425
0.072602
0.07096
0.069326
0.067701
0.066085
0.06448
0.062885
0.061302
0.059732
0.058175
0.056632
0.055104
0.053591
0.052094
0.050614
0.049152
0.047707
0.046281
0.044874
0.043486
0.042119
0.040772
0.039446
0.038142
0.03686
0.0356
0.034362
0.033148
0.031957
0.030789
0.029645
0.028525
0.02743
0.026359
0.025313
0.024291
0.023294
0.022322
0.021376
0.020454
0.019557
0.018686
0.017839
0.017018
0.016221
0.015449
0.014702
0.01398
0.013281
0.012607
0.011957
0.011331
0.010729
0.010149
0.0095928
0.0090591
0.0085479
0.0080587
0.0075912
0.0071451
0.0067199
0.0063153
0.005931
0.0055664
0.0052211
0.0048948
0.0045868
0.0042969
0.0040245
0.0037692
0.0035304
0.0033076
0.0031004
0.0029082
0.0027306
0.002567
0.0024169
0.0022798
0.0021551
0.0020423
0.0019409
0.0018503
0.0017701
0.0016997
0.0016385
0.0015861
0.0015419
0.0015054
0.0014761
0.0014535
0.0014371
0.0014264
0.0014209
0.0014201
0.0014235
0.0014308
0.0014414
0.0014549
0.0014709
0.0014889
0.0015086
0.0015295
0.0015513