95.35
95.35
95.35
95.3502
95.3505
95.3512
95.3523
95.3542
95.3571
95.3612
95.3668
95.3742
95.3836
95.3954
95.4097
95.4268
95.4469
95.47
95.4962
95.5255
95.5577
95.5928
95.6305
95.6704
95.7121
95.7552
95.799
95.843
95.8865
95.9287
95.969
96.0067
96.041
96.0714
96.0971
96.1177
96.1327
96.1419
96.1452
96.1424
96.1338
96.1197
96.1006
96.0773
96.0506
96.0218
95.9919
95.9626
95.9353
95.9118
95.8938
95.8834
95.8824
95.8927
95.9163
95.9551
96.0107
96.0847
96.1786
96.2937
96.4308
96.5906
96.7735
96.9796
97.2086
97.4599
97.7323
98.0246
98.3351
98.6616
99.0019
99.3531
99.7124
100.0766
100.4424
100.8061
101.1643
101.5133
101.8495
102.1692
102.4691
102.7458
102.9963
103.2178
103.4078
103.5642
103.6852
103.7696
103.8163
103.825
103.7956
103.7287
103.625
103.4861
103.3135
103.1096
102.8767
102.6177
102.3357
102.034
101.7162
101.3857
101.0463
100.7017
100.3556
100.0114
99.6726
99.3426
99.0241
98.7201
98.4329
98.1647
97.9172
97.6918
97.4896
97.3113
97.1571
97.027
96.9207
96.8374
96.776
96.7354
96.7141
96.7103
96.7223
96.7479
96.7853
96.8322
96.8865
96.9463
97.0093
97.0738
97.1379
97.1999
97.2583
97.3117
97.3591
97.3993
97.4317
97.4557
97.4709
97.477
97.4741
97.4623
97.4418
97.413
97.3765
97.3328
97.2827
97.2267
97.1658
97.1005
97.0318
96.9603
96.8869
96.8121
96.7366
96.661
96.5859
96.5116
96.4387
96.3675
96.2982
96.2312
96.1665
96.1043
96.0447
95.9878
95.9336
95.8821
95.8333
95.7872
95.7438
95.703
95.6647
95.629
95.5958
95.565
95.5366
95.5106
95.4869
95.4655
95.4463
95.4293
95.4143
95.4012
95.3901
95.3807
95.3729
95.3665
95.3616
95.3577
95.3549
95.3529
95.3516
95.3508
95.3503
95.3501
95.35
95.35