3.6221e-06
3.3804e-06
1.6462e-06
-3.026e-06
-1.2026e-05
-2.6689e-05
-4.8291e-05
-7.8055e-05
-0.00011714
-0.00016666
-0.00022764
-0.00030109
-0.00038793
-0.00048902
-0.00060518
-0.00073715
-0.00088562
-0.0010512
-0.0012345
-0.0014361
-0.0016562
-0.0018955
-0.0021541
-0.0024324
-0.0027306
-0.0030488
-0.0033872
-0.0037457
-0.0041245
-0.0045234
-0.0049423
-0.0053811
-0.0058394
-0.0063172
-0.006814
-0.0073294
-0.0078631
-0.0084146
-0.0089834
-0.0095688
-0.01017
-0.010788
-0.011419
-0.012065
-0.012725
-0.013397
-0.01408
-0.014775
-0.015479
-0.016192
-0.016914
-0.017642
-0.018377
-0.019117
-0.01986
-0.020607
-0.021355
-0.022104
-0.022853
-0.0236
-0.024344
-0.025084
-0.025819
-0.026548
-0.027269
-0.027982
-0.028684
-0.029376
-0.030055
-0.03072
-0.03137
-0.032005
-0.032622
-0.03322
-0.033799
-0.034357
-0.034893
-0.035406
-0.035894
-0.036357
-0.036793
-0.037202
-0.037581
-0.037931
-0.038249
-0.038535
-0.038789
-0.039008
-0.039192
-0.039341
-0.039452
-0.039525
-0.03956
-0.039556
-0.039511
-0.039425
-0.039297
-0.039127
-0.038913
-0.038656
-0.038354
-0.038007
-0.037614
-0.037175
-0.03669
-0.036157
-0.035577
-0.034949
-0.034272
-0.033547
-0.032773
-0.03195
-0.031078
-0.030156
-0.029185
-0.028164
-0.027093
-0.025972
-0.024801
-0.023581
-0.022311
-0.020991
-0.019622
-0.018203
-0.016735
-0.015218
-0.013653
-0.01204
-0.010378
-0.0086687
-0.0069122
-0.0051088
-0.003259
-0.0013633
0.00057783
0.0025639
0.0045943
0.0066686
0.008786
0.010946
0.013148
0.015391
0.017675
0.019998
0.022361
0.024762
0.027201
0.029677
0.032189
0.034736
0.037317
0.039932
0.04258
0.04526
0.04797
0.050711
0.053481
0.05628
0.059105
0.061958
0.064836
0.067738
0.070664
0.073613
0.076584
0.079576
0.082588
0.085619
0.088668
0.091734
0.094816
0.097913
0.10102
0.10415
0.10729
0.11044
0.1136
0.11677
0.11994
0.12313
0.12632
0.12952
0.13272
0.13593
0.13914
0.14236
0.14557
0.14879
0.152
0.15522
0.15843
0.16164
0.16485
0.16805
0.17125
0.17444
0.17763
0.1808
0.18397
0.18713
0.19028
0.19343
0.19655
0.19967
0.20278
0.20587
0.20895
0.21201
0.21506
0.21809
0.2211
0.2241
0.22708
0.23004
0.23298
0.2359
0.2388
0.24168
0.24453
0.24737
0.25018
0.25296
0.25572
0.25846
0.26117
0.26385
0.26651
0.26914
0.27174
0.27431
0.27685
0.27936
0.28183
0.28428
0.28669
0.28907
0.29142
0.29373
0.29601
0.29825
0.30045
0.30262
0.30475
0.30684
0.30888
0.31089
0.31286
0.31478
0.31667
0.3185
0.3203
0.32205
0.32375
0.3254
0.32701
0.32857
0.33008
0.33153
0.33294
0.33429
0.33559
0.33684
0.33803
0.33916
0.34024
0.34126
0.34222
0.34312
0.34395
0.34473
0.34544
0.34609
0.34667
0.34719
0.34763
0.34801
0.34832
0.34856
0.34873
0.34882
0.34884
0.34878
0.34865
0.34844
0.34815
0.34779
0.34734
0.34681
0.34619
0.3455
0.34471
0.34385
0.34289
0.34185
0.34071
0.33949
0.33817
0.33677
0.33527
0.33367
0.33198
0.3302
0.32831
0.32633
0.32425
0.32207
0.31979
0.31741
0.31493
0.31234
0.30966
0.30686
0.30397
0.30096
0.29786
0.29464
0.29132
0.28789
0.28436
0.28072
0.27696
0.27311
0.26914
0.26506
0.26088
0.25658
0.25218
0.24767
0.24305
0.23833
0.23349
0.22855
0.2235
0.21834
0.21308
0.20771
0.20223
0.19665
0.19097
0.18518
0.17929
0.1733
0.16721
0.16103
0.15474
0.14836
0.14188
0.1353
0.12864
0.12188
0.11504
0.1081
0.10108
0.093978
0.086791
0.079524
0.072178
0.064755
0.057258
0.049689
0.04205
0.034344
0.026572
0.018738
0.010844
0.0028918
-0.0051147
-0.013173
-0.021281
-0.029435
-0.037633
-0.04587
-0.054146
-0.062455
-0.070796
-0.079165
-0.087558
-0.095973
-0.10441
-0.11285
-0.12131
-0.12978
-0.13825
-0.14672
-0.15518
-0.16364
-0.17209
-0.18053
-0.18895
-0.19734
-0.20571
-0.21405
-0.22236
-0.23063
-0.23886
-0.24705
-0.25518
-0.26327
-0.2713
-0.27926
-0.28716
-0.295
-0.30276
-0.31045
-0.31805
-0.32558
-0.33301
-0.34036
-0.3476
-0.35475
-0.3618
-0.36874
-0.37557
-0.38229
-0.38889
-0.39537
-0.40172
-0.40795
-0.41405
-0.42001
-0.42584
-0.43152
-0.43706
-0.44245
-0.4477
-0.45279
-0.45772
-0.4625
-0.46711
-0.47156
-0.47585
-0.47996
-0.48391
-0.48768
-0.49127
-0.49469
-0.49793
-0.50099
-0.50386
-0.50655
-0.50906
-0.51137
-0.5135
-0.51544
-0.51718
-0.51874
-0.5201
-0.52126
-0.52224
-0.52302
-0.5236
-0.52399
-0.52418
-0.52418
-0.52398
-0.52359
-0.523
-0.52222
-0.52125
-0.52008
-0.51872
-0.51718
-0.51544
-0.51352
-0.51141
-0.50911
-0.50664
-0.50398
-0.50114
-0.49813
-0.49494
-0.49158
-0.48805
-0.48435
-0.48049
-0.47646
-0.47228
-0.46794
-0.46345
-0.45882
-0.45403
-0.44911
-0.44405
-0.43885
-0.43352
-0.42807
-0.42249
-0.4168
-0.41099
-0.40507
-0.39905
-0.39293
-0.38671
-0.3804
-0.374
-0.36753
-0.36097
-0.35435
-0.34766
-0.34091
-0.3341
-0.32724
-0.32034
-0.31339
-0.30641
-0.2994
-0.29237
-0.28532
-0.27826
-0.27119
-0.26411
-0.25704
-0.24998
-0.24294
-0.23591
-0.22892
-0.22195
-0.21502
-0.20813
-0.20129
-0.19451
-0.18778
-0.18112
-0.17452
-0.16801
-0.16157
-0.15522
-0.14896
-0.14279
-0.13673
-0.13077
-0.12492
-0.11919
-0.11358
-0.1081
-0.10274
-0.097523
-0.092441
-0.087501
-0.08271
-0.078069
-0.073584
-0.069258
-0.065095
-0.061098
-0.057272
-0.053619
-0.050142
-0.046846
-0.043732
-0.040803
-0.038064
-0.035514
-0.033159
-0.030998
-0.029036
-0.027273
-0.025711
-0.024352
-0.023198
-0.022249
-0.021507
-0.020973
-0.020648
-0.020533
-0.020627
-0.020931
-0.021445
-0.02217
-0.023104
-0.024249
-0.025602
-0.027164
-0.028933
-0.030908
-0.033089
-0.035473
-0.03806
-0.040847
-0.043832
-0.047013
-0.050389
-0.053956
-0.057712
-0.061654
-0.06578
-0.070085
-0.074568
-0.079224
-0.08405
-0.089042
-0.094196
-0.099508
-0.10497
-0.11059
-0.11635
-0.12225
-0.12829
-0.13446
-0.14076
-0.14717
-0.1537
-0.16035
-0.16709
-0.17394
-0.18088
-0.18791
-0.19501
-0.2022
-0.20945
-0.21677
-0.22415
-0.23157
-0.23904
-0.24655
-0.25409
-0.26165
-0.26924
-0.27683
-0.28443
-0.29203
-0.29962
-0.30719
-0.31474
-0.32226
-0.32974
-0.33718
-0.34457
-0.3519
-0.35917
-0.36637
-0.37349
-0.38053
-0.38747
-0.39431
-0.40105
-0.40768
-0.41419
-0.42057
-0.42682
-0.43294
-0.4389
-0.44472
-0.45038
-0.45588
-0.4612
-0.46635
-0.47132
-0.4761
-0.48069
-0.48508
-0.48926
-0.49324
-0.497
-0.50053
-0.50385
-0.50693
-0.50978
-0.51239
-0.51475
-0.51687
-0.51874
-0.52035
-0.5217
-0.52278
-0.5236
-0.52415
-0.52442
-0.52442
-0.52414
-0.52357
-0.52273
-0.52159
-0.52017
-0.51846
-0.51645
-0.51415
-0.51156
-0.50867
-0.50548
-0.502
-0.49821
-0.49413
-0.48976
-0.48508
-0.4801
-0.47483
-0.46926
-0.46339
-0.45723
-0.45078
-0.44403
-0.43699
-0.42967
-0.42206
-0.41416
-0.40598
-0.39752
-0.38879
-0.37978
-0.3705
-0.36096
-0.35115
-0.34109
-0.33076
-0.32019
-0.30937
-0.29831
-0.28701
-0.27547
-0.26371
-0.25172
-0.23952
-0.2271
-0.21448
-0.20165
-0.18863
-0.17542
-0.16203
-0.14845
-0.13471
-0.1208
-0.10674
-0.092518
-0.078156
-0.063655
-0.049024
-0.034268
-0.019395
-0.0044132
0.010672
0.025851
0.041119
0.056467
0.071887
0.087373
0.10292
0.11851
0.13415
0.14982
0.16551
0.18123
0.19696
0.21269
0.22842
0.24413
0.25983
0.27549
0.29113
0.30672
0.32226
0.33774
0.35316
0.3685
0.38376
0.39893
0.41401
0.42899
0.44386
0.4586
0.47323
0.48772
0.50208
0.51629
0.53035
0.54425
0.55798
0.57155
0.58493
0.59813
0.61115
0.62397
0.63658
0.64899
0.66119
0.67316
0.68492
0.69645
0.70774
0.71879
0.72961
0.74017
0.75048
0.76054
0.77034
0.77987
0.78914
0.79813
0.80686
0.8153
0.82347
0.83135
0.83894
0.84625
0.85327
0.85999
0.86642
0.87255
0.87839
0.88393
0.88917
0.8941
0.89873
0.90307
0.90709
0.91082
0.91424
0.91736
0.92017
0.92268
0.92489
0.9268
0.92841
0.92972
0.93073
0.93144
0.93186
0.93199
0.93182
0.93137
0.93063
0.92961
0.9283
0.92671
0.92485
0.92272
0.92032
0.91764
0.91471
0.91152
0.90807
0.90437
0.90042
0.89623
0.89179
0.88712
0.88222
0.8771
0.87175
0.86618
0.8604
0.85442
0.84823
0.84184
0.83526
0.82849
0.82154
0.81442
0.80712
0.79966
0.79203
0.78425
0.77632
0.76825
0.76004
0.75169
0.74322
0.73462
0.72592
0.7171
0.70817
0.69915
0.69004
0.68083
0.67155
0.66219
0.65277
0.64327
0.63372
0.62412
0.61447
0.60477
0.59504
0.58528
0.5755
0.56569
0.55587
0.54604
0.53621
0.52638
0.51655
0.50674
0.49694
0.48716
0.4774
0.46768
0.45799
0.44834
0.43874
0.42918
0.41968
0.41023
0.40085
0.39152
0.38227
0.37309
0.36399
0.35496
0.34602
0.33716
0.32839
0.31972
0.31114
0.30266
0.29428
0.28601
0.27784
0.26978
0.26183
0.254
0.24628
0.23868
0.2312
0.22384
0.2166
0.20948
0.20249
0.19563
0.18889
0.18229
0.17581
0.16947
0.16325
0.15717
0.15122
0.1454
0.13971
0.13416
0.12874
0.12346
0.1183
0.11328
0.10839
0.10363
0.099008
0.094511
0.090145
0.085906
0.081796
0.077813
0.073955
0.070221
0.066611
0.063123
0.059755
0.056506
0.053375
0.050359
0.047457
0.044668
0.041989
0.039419
0.036956
0.034597
0.032341
0.030186
0.028129
0.026169
0.024303
0.022529
0.020845
0.019249
0.017737
0.016308
0.01496
0.01369
0.012496
0.011375
0.010324
0.0093426
0.0084269
0.0075747
0.0067836
0.0060513
0.0053752
0.004753
0.0041822
0.0036604
0.0031853
0.0027545
0.0023655
0.0020161
0.001704
0.0014269
0.0011824
0.00096842
0.00078269
0.00062306
0.00048738
0.00037356
0.00027952
0.00020325
0.00014276
9.6104e-05
6.1397e-05
3.6781e-05
2.0453e-05
1.0655e-05
5.68e-06
3.8709e-06