0.13249
0.84265
-0.61763
-0.62935
1.1823
0.51965
-1.0063
-0.18653
0.3091
-0.079349
97.383
-0.16202
0.037126
0.14317
-0.0095187
-0.13003
-0.12242
0.10733
0.0451
0.041543
0.033753
0.030514
0.062815
-0.13427
0.048746
0.018498
-0.025162
0.093033
0.33808
-0.088307
-0.42448
0.034281
-0.34769
0.04826
-0.006213
0.054578
0.26625
0.16519
-0.11289
-0.12732
0.040054
-0.14071
-0.069567
-1.299
0.17329
0.045145
-0.14034
-0.011873
0.36856
-0.12058
0.016315
0.32496
-0.41783
-0.1919
1.7041
-0.18458
0.093306
-0.21073
-0.039703
-0.22417
-0.07346
0.72046
0.13674
-0.10098
-0.068099
0.22133