-3.0186e-06
-2.2203e-06
3.5456e-06
1.9225e-05
4.9731e-05
9.994e-05
0.00017468
0.00027875
0.00041686
0.00059368
0.00081384
0.0010818
0.0014022
0.0017792
0.0022172
0.0027205
0.003293
0.0039389
0.004662
0.0054661
0.006355
0.0073321
0.008401
0.0095649
0.010827
0.012191
0.013658
0.015233
0.016918
0.018714
0.020625
0.022653
0.024799
0.027066
0.029455
0.031969
0.034607
0.037372
0.040264
0.043284
0.046434
0.049713
0.053122
0.056661
0.06033
0.064129
0.068058
0.072116
0.076301
0.080614
0.085054
0.089618
0.094306
0.099116
0.10405
0.10909
0.11426
0.11954
0.12492
0.13042
0.13602
0.14173
0.14753
0.15344
0.15943
0.16551
0.17168
0.17793
0.18426
0.19065
0.19712
0.20365
0.21024
0.21689
0.22358
0.23032
0.2371
0.24392
0.25076
0.25762
0.2645
0.2714
0.2783
0.2852
0.29209
0.29898
0.30584
0.31268
0.3195
0.32627
0.333
0.33969
0.34631
0.35288
0.35938
0.3658
0.37214
0.37839
0.38455
0.39061
0.39656
0.4024
0.40812
0.41371
0.41917
0.42449
0.42966
0.43468
0.43955
0.44424
0.44877
0.45313
0.4573
0.46128
0.46507
0.46866
0.47205
0.47522
0.47818
0.48092
0.48344
0.48572
0.48777
0.48958
0.49114
0.49245
0.49352
0.49432
0.49486
0.49514
0.49515
0.49489
0.49435
0.49354
0.49244
0.49106
0.4894
0.48745
0.4852
0.48267
0.47984
0.47671
0.47329
0.46957
0.46556
0.46124
0.45662
0.45171
0.44649
0.44097
0.43516
0.42905
0.42264
0.41593
0.40893
0.40163
0.39404
0.38617
0.378
0.36955
0.36082
0.3518
0.34251
0.33295
0.32312
0.31302
0.30266
0.29204
0.28116
0.27004
0.25867
0.24706
0.23522
0.22314
0.21085
0.19833
0.1856
0.17267
0.15953
0.1462
0.13269
0.11899
0.10512
0.091079
0.076879
0.062527
0.04803
0.033395
0.018629
0.003741
-0.011262
-0.026371
-0.041579
-0.056878
-0.072258
-0.087713
-0.10323
-0.11881
-0.13443
-0.1501
-0.16579
-0.18151
-0.19724
-0.21298
-0.22871
-0.24443
-0.26012
-0.27578
-0.29141
-0.30698
-0.3225
-0.33795
-0.35333
-0.36862
-0.38381
-0.39891
-0.41389
-0.42875
-0.44349
-0.45809
-0.47254
-0.48684
-0.50097
-0.51494
-0.52872
-0.54232
-0.55573
-0.56893
-0.58192
-0.59469
-0.60724
-0.61955
-0.63162
-0.64345
-0.65502
-0.66632
-0.67736
-0.68813
-0.69861
-0.70881
-0.71871
-0.72831
-0.73761
-0.7466
-0.75527
-0.76362
-0.77165
-0.77934
-0.7867
-0.79372
-0.8004
-0.80672
-0.8127
-0.81833
-0.82359
-0.8285
-0.83304
-0.83721
-0.84102
-0.84445
-0.84751
-0.8502
-0.85251
-0.85444
-0.856
-0.85717
-0.85797
-0.85839
-0.85842
-0.85808
-0.85735
-0.85625
-0.85477
-0.85291
-0.85067
-0.84806
-0.84508
-0.84173
-0.838
-0.83391
-0.82946
-0.82464
-0.81947
-0.81394
-0.80806
-0.80183
-0.79526
-0.78834
-0.78109
-0.77351
-0.7656
-0.75737
-0.74882
-0.73996
-0.73079
-0.72132
-0.71155
-0.70149
-0.69115
-0.68053
-0.66964
-0.65848
-0.64706
-0.63539
-0.62347
-0.61132
-0.59893
-0.58631
-0.57348
-0.56044
-0.5472
-0.53376
-0.52013
-0.50632
-0.49235
-0.4782
-0.4639
-0.44945
-0.43486
-0.42014
-0.4053
-0.39034
-0.37527
-0.3601
-0.34484
-0.3295
-0.31408
-0.2986
-0.28306
-0.26747
-0.25184
-0.23618
-0.22049
-0.20479
-0.18908
-0.17337
-0.15767
-0.14199
-0.12633
-0.11071
-0.095129
-0.079597
-0.064122
-0.048713
-0.033376
-0.018121
-0.0029548
0.012115
0.027082
0.041937
0.056674
0.071285
0.085763
0.1001
0.11429
0.12833
0.14221
0.15592
0.16946
0.18282
0.19599
0.20897
0.22175
0.23433
0.2467
0.25885
0.27079
0.28249
0.29397
0.30521
0.31622
0.32697
0.33748
0.34773
0.35773
0.36746
0.37692
0.38612
0.39504
0.40368
0.41205
0.42013
0.42792
0.43543
0.44264
0.44956
0.45618
0.4625
0.46852
0.47424
0.47965
0.48476
0.48956
0.49405
0.49823
0.5021
0.50566
0.5089
0.51184
0.51446
0.51676
0.51876
0.52044
0.5218
0.52286
0.5236
0.52403
0.52415
0.52396
0.52346
0.52265
0.52154
0.52012
0.5184
0.51638
0.51406
0.51144
0.50852
0.50532
0.50182
0.49803
0.49396
0.4896
0.48496
0.48004
0.47485
0.46939
0.46366
0.45766
0.4514
0.44488
0.4381
0.43108
0.4238
0.41628
0.40851
0.40052
0.39228
0.38382
0.37513
0.36622
0.35709
0.34776
0.33821
0.32845
0.3185
0.30835
0.29801
0.28749
0.27678
0.26589
0.25483
0.2436
0.23221
0.22066
0.20896
0.19711
0.18511
0.17297
0.1607
0.14829
0.13577
0.12312
0.11035
0.097479
0.084499
0.071419
0.058242
0.044975
0.031623
0.018189
0.0046803
-0.0088997
-0.022546
-0.036252
-0.050015
-0.063829
-0.077688
-0.091589
-0.10553
-0.11949
-0.13349
-0.1475
-0.16154
-0.17558
-0.18963
-0.20368
-0.21773
-0.23177
-0.2458
-0.25981
-0.2738
-0.28776
-0.30169
-0.31559
-0.32944
-0.34324
-0.357
-0.3707
-0.38434
-0.39792
-0.41143
-0.42486
-0.43822
-0.45149
-0.46468
-0.47777
-0.49077
-0.50367
-0.51647
-0.52915
-0.54172
-0.55418
-0.56651
-0.57872
-0.5908
-0.60275
-0.61455
-0.62622
-0.63773
-0.6491
-0.66032
-0.67137
-0.68227
-0.69299
-0.70355
-0.71394
-0.72415
-0.73418
-0.74402
-0.75368
-0.76314
-0.77241
-0.78148
-0.79035
-0.79902
-0.80748
-0.81572
-0.82375
-0.83156
-0.83916
-0.84652
-0.85367
-0.86058
-0.86726
-0.8737
-0.8799
-0.88587
-0.89159
-0.89706
-0.90229
-0.90726
-0.91198
-0.91645
-0.92066
-0.92461
-0.92829
-0.93171
-0.93487
-0.93776
-0.94038
-0.94272
-0.9448
-0.9466
-0.94812
-0.94937
-0.95034
-0.95103
-0.95144
-0.95157
-0.95141
-0.95097
-0.95025
-0.94925
-0.94795
-0.94638
-0.94451
-0.94237
-0.93993
-0.93721
-0.9342
-0.93091
-0.92733
-0.92347
-0.91933
-0.9149
-0.91018
-0.90519
-0.89991
-0.89436
-0.88852
-0.88241
-0.87603
-0.86937
-0.86243
-0.85523
-0.84776
-0.84002
-0.83202
-0.82376
-0.81523
-0.80645
-0.79742
-0.78814
-0.7786
-0.76883
-0.75881
-0.74855
-0.73806
-0.72733
-0.71638
-0.70521
-0.69381
-0.6822
-0.67038
-0.65835
-0.64612
-0.63369
-0.62106
-0.60825
-0.59525
-0.58208
-0.56873
-0.55522
-0.54154
-0.5277
-0.51371
-0.49958
-0.4853
-0.4709
-0.45636
-0.4417
-0.42692
-0.41204
-0.39705
-0.38196
-0.36679
-0.35153
-0.33619
-0.32079
-0.30532
-0.28979
-0.27421
-0.25859
-0.24294
-0.22726
-0.21155
-0.19584
-0.18011
-0.16439
-0.14868
-0.13298
-0.11731
-0.10166
-0.086059
-0.070499
-0.054994
-0.039549
-0.024173
-0.0088734
0.0063426
0.021467
0.036493
0.051412
0.066218
0.080902
0.095457
0.10988
0.12415
0.13827
0.15224
0.16604
0.17966
0.19311
0.20637
0.21944
0.2323
0.24496
0.2574
0.26962
0.28161
0.29337
0.30488
0.31615
0.32717
0.33792
0.34841
0.35863
0.36857
0.37823
0.38761
0.39668
0.40546
0.41394
0.42211
0.42996
0.4375
0.44472
0.45161
0.45817
0.46439
0.47028
0.47582
0.48102
0.48588
0.49038
0.49453
0.49832
0.50175
0.50483
0.50754
0.50988
0.51186
0.51347
0.51471
0.51559
0.51609
0.51622
0.51598
0.51537
0.51438
0.51303
0.5113
0.50921
0.50674
0.50391
0.50071
0.49714
0.49321
0.48892
0.48427
0.47927
0.47391
0.4682
0.46214
0.45574
0.44899
0.44191
0.4345
0.42675
0.41868
0.41029
0.40158
0.39256
0.38324
0.37361
0.36369
0.35348
0.34298
0.33221
0.32116
0.30985
0.29828
0.28646
0.27439
0.26208
0.24954
0.23678
0.2238
0.21061
0.19721
0.18363
0.16985
0.1559
0.14178
0.12749
0.11305
0.098466
0.083744
0.068892
0.053921
0.038838
0.023652
0.0083722
-0.0069927
-0.022434
-0.037942
-0.053509
-0.069125
-0.084781
-0.10047
-0.11618
-0.1319
-0.14763
-0.16335
-0.17906
-0.19475
-0.2104
-0.22601
-0.24158
-0.25708
-0.27252
-0.28788
-0.30316
-0.31834
-0.33343
-0.3484
-0.36325
-0.37798
-0.39257
-0.40702
-0.42132
-0.43546
-0.44943
-0.46323
-0.47684
-0.49027
-0.5035
-0.51653
-0.52934
-0.54195
-0.55432
-0.56647
-0.57838
-0.59005
-0.60147
-0.61264
-0.62355
-0.63419
-0.64456
-0.65466
-0.66448
-0.67401
-0.68326
-0.69221
-0.70087
-0.70923
-0.71728
-0.72503
-0.73246
-0.73958
-0.74639
-0.75288
-0.75904
-0.76489
-0.77041
-0.7756
-0.78047
-0.78501
-0.78922
-0.7931
-0.79665
-0.79987
-0.80276
-0.80532
-0.80755
-0.80945
-0.81102
-0.81227
-0.81319
-0.81379
-0.81406
-0.81402
-0.81365
-0.81297
-0.81198
-0.81068
-0.80907
-0.80716
-0.80495
-0.80244
-0.79963
-0.79654
-0.79317
-0.78951
-0.78557
-0.78137
-0.7769
-0.77216
-0.76717
-0.76193
-0.75644
-0.75071
-0.74475
-0.73856
-0.73215
-0.72551
-0.71867
-0.71162
-0.70438
-0.69694
-0.68932
-0.68152
-0.67355
-0.66541
-0.65711
-0.64866
-0.64007
-0.63134
-0.62248
-0.6135
-0.6044
-0.5952
-0.58589
-0.57648
-0.56699
-0.55742
-0.54777
-0.53806
-0.52829
-0.51847
-0.50861
-0.4987
-0.48877
-0.47881
-0.46884
-0.45886
-0.44887
-0.43889
-0.42891
-0.41896
-0.40903
-0.39912
-0.38926
-0.37943
-0.36966
-0.35994
-0.35028
-0.34068
-0.33116
-0.32171
-0.31235
-0.30307
-0.29389
-0.2848
-0.27582
-0.26694
-0.25818
-0.24953
-0.241
-0.23259
-0.22432
-0.21617
-0.20816
-0.20029
-0.19256
-0.18497
-0.17753
-0.17024
-0.16311
-0.15612
-0.1493
-0.14263
-0.13612
-0.12978
-0.12359
-0.11757
-0.11172
-0.10603
-0.10051
-0.095154
-0.089965
-0.084943
-0.080088
-0.075399
-0.070876
-0.066518
-0.062324
-0.058293
-0.054424
-0.050715
-0.047165
-0.043773
-0.040535
-0.03745
-0.034516
-0.031731
-0.029091
-0.026595
-0.024239
-0.02202
-0.019936
-0.017983
-0.016157
-0.014455
-0.012874
-0.01141
-0.010058
-0.0088157
-0.0076781
-0.0066412
-0.0057008
-0.0048526
-0.004092
-0.0034147
-0.002816
-0.0022914
-0.001836
-0.0014452
-0.0011141
-0.00083782
-0.00061155
-0.00043033
-0.00028918
-0.00018313
-0.00010716
-5.6272e-05
-2.5434e-05
-9.624e-06
-3.8219e-06