4.5103e-17
-3.3286e-05
-0.00026927
-0.00091674
-0.0021867
-0.0042876
-0.0074198
-0.011771
-0.017513
-0.024792
-0.033732
-0.044424
-0.05693
-0.071274
-0.087443
-0.10539
-0.12502
-0.14622
-0.16883
-0.19265
-0.21745
-0.24299
-0.269
-0.29518
-0.32124
-0.34687
-0.37174
-0.39557
-0.41806
-0.43893
-0.45792
-0.4748
-0.48939
-0.50152
-0.51106
-0.51794
-0.52212
-0.5236
-0.52244
-0.51872
-0.5126
-0.50423
-0.49384
-0.48167
-0.46799
-0.4531
-0.43732
-0.42097
-0.40438
-0.38789
-0.37183
-0.35651
-0.34222
-0.32925
-0.31785
-0.30823
-0.30057
-0.29502
-0.29168
-0.29061
-0.29183
-0.29531
-0.30099
-0.30875
-0.31845
-0.32991
-0.3429
-0.35718
-0.37248
-0.3885
-0.40495
-0.42149
-0.43781
-0.45358
-0.46847
-0.48217
-0.49437
-0.50478
-0.51315
-0.51922
-0.52276
-0.5236
-0.52156
-0.5165
-0.50833
-0.49697
-0.48239
-0.46456
-0.44351
-0.41929
-0.39197
-0.36165
-0.32845
-0.29252
-0.25403
-0.21315
-0.17009
-0.12506
-0.078288
-0.030003
0.019548
0.070112
0.12143
0.17325
0.22529
0.27729
0.32899
0.38012
0.4304
0.47959
0.52742
0.57363
0.61798
0.66024
0.70017
0.73756
0.77219
0.80389
0.83248
0.85781
0.87974
0.89816
0.91298
0.92415
0.93162
0.9354
0.9355
0.93198
0.92492
0.91444
0.90067
0.8838
0.86401
0.84155
0.81664
0.78958
0.76064
0.73013
0.69836
0.66566
0.63235
0.59875
0.56518
0.53195
0.49936
0.46767
0.43715
0.40801
0.38046
0.35468
0.33078
0.30887
0.28903
0.27127
0.25559
0.24195
0.23027
0.22046
0.21237
0.20586
0.20075
0.19684
0.19393
0.19181
0.19026
0.18907
0.18802
0.18694
0.18562
0.18391
0.18166
0.17877
0.17512
0.17068
0.16538
0.15924
0.15227
0.14452
0.13605
0.12698
0.1174
0.10745
0.097266
0.087004
0.076813
0.066844
0.057242
0.048145
0.039673
0.031931
0.025002
0.018946
0.013795
0.009557
0.0062078
0.0036961
0.0019422
0.00083877
0.00025379
3.2315e-05