5.9277e-13
-9.7668e-05
-0.00077739
-0.0026061
-0.0061262
-0.011846
-0.020234
-0.031708
-0.046632
-0.065306
-0.087966
-0.11478
-0.14583
-0.18113
-0.22063
-0.26418
-0.31155
-0.36246
-0.41654
-0.47334
-0.53236
-0.59303
-0.65474
-0.71682
-0.77855
-0.8392
-0.89801
-0.9542
-1.007
-1.0556
-1.0994
-1.1375
-1.1692
-1.1941
-1.2114
-1.2208
-1.2217
-1.2139
-1.1971
-1.1712
-1.1363
-1.0923
-1.0395
-0.97832
-0.9091
-0.83245
-0.74903
-0.65962
-0.5651
-0.46642
-0.36463
-0.26083
-0.15615
-0.051787
0.051065
0.15121
0.24746
0.33867
0.42375
0.50167
0.57151
0.63243
0.68372
0.72481
0.75525
0.77476
0.78323
0.78069
0.76736
0.74361
0.70998
0.66718
0.61605
0.55758
0.49287
0.42315
0.34973
0.27397
0.1973
0.12118
0.047049
-0.023661
-0.089569
-0.14936
-0.20182
-0.24584
-0.28045
-0.30483
-0.31832
-0.32044
-0.31091
-0.28964
-0.25672
-0.21245
-0.15734
-0.092062
-0.017477
0.065392
0.15538
0.25119
0.35141
0.45457
0.55912
0.66348
0.76608
0.86534
0.95976
1.0479
1.1284
1.2001
1.2619
1.3128
1.3522
1.3794
1.3941
1.3962
1.3858
1.363
1.3283
1.2824
1.2262
1.1605
1.0867
1.0058
0.91932
0.82872
0.73548
0.64117
0.54732
0.45547
0.36711
0.28364
0.20637
0.13653
0.075165
0.023205
-0.018598
-0.049663
-0.06959
-0.078167
-0.075369
-0.061355
-0.036464
-0.0012063
0.043748
0.097583
0.15935
0.22799
0.30235
0.38121
0.46329
0.54728
0.63187
0.71577
0.7977
0.87647
0.95093
1.02
1.0829
1.1386
1.1865
1.226
1.2567
1.2784
1.2908
1.2941
1.2883
1.2737
1.2507
1.2198
1.1816
1.1369
1.0863
1.0307
0.97096
0.90794
0.84255
0.77567
0.70819
0.64094
0.57471
0.51024
0.44821
0.38919
0.33371
0.2822
0.23497
0.19227
0.15424
0.12094
0.092319
0.068249
0.048519
0.032841
0.020858
0.012152
0.0062532
0.0026468
0.00078548
9.8175e-05