-1.5708
-1.5708
-1.5708
-1.5708
-1.5707
-1.5706
-1.5705
-1.5703
-1.5701
-1.5698
-1.5694
-1.5689
-1.5683
-1.5676
-1.5668
-1.5659
-1.5648
-1.5636
-1.5623
-1.5607
-1.559
-1.5572
-1.5551
-1.5529
-1.5504
-1.5477
-1.5448
-1.5417
-1.5383
-1.5347
-1.5309
-1.5267
-1.5223
-1.5177
-1.5127
-1.5075
-1.5019
-1.4961
-1.4899
-1.4835
-1.4767
-1.4695
-1.4621
-1.4543
-1.4462
-1.4377
-1.4289
-1.4197
-1.4102
-1.4003
-1.3901
-1.3795
-1.3685
-1.3572
-1.3455
-1.3334
-1.3209
-1.3081
-1.295
-1.2814
-1.2675
-1.2532
-1.2386
-1.2236
-1.2082
-1.1925
-1.1764
-1.16
-1.1432
-1.1261
-1.1086
-1.0909
-1.0728
-1.0543
-1.0356
-1.0166
-0.99723
-0.97759
-0.95768
-0.93748
-0.91702
-0.89631
-0.87534
-0.85413
-0.83269
-0.81104
-0.78917
-0.76711
-0.74486
-0.72243
-0.69984
-0.6771
-0.65422
-0.63121
-0.60809
-0.58487
-0.56156
-0.53817
-0.51473
-0.49123
-0.46771
-0.44417
-0.42063
-0.39709
-0.37359
-0.35012
-0.32671
-0.30337
-0.28012
-0.25697
-0.23394
-0.21105
-0.1883
-0.16571
-0.14331
-0.1211
-0.099105
-0.077336
-0.055811
-0.034543
-0.01355
0.0071533
0.027552
0.04763
0.067372
0.086764
0.10579
0.12444
0.14269
0.16053
0.17795
0.19493
0.21145
0.22752
0.2431
0.25819
0.27278
0.28685
0.30039
0.31339
0.32583
0.33771
0.34902
0.35973
0.36985
0.37936
0.38826
0.39653
0.40416
0.41115
0.41749
0.42318
0.42819
0.43253
0.43619
0.43917
0.44146
0.44305
0.44394
0.44412
0.4436
0.44237
0.44042
0.43776
0.43439
0.43029
0.42548
0.41994
0.41369
0.40672
0.39904
0.39064
0.38153
0.37171
0.36119
0.34997
0.33805
0.32544
0.31214
0.29816
0.28351
0.2682
0.25222
0.2356
0.21833
0.20043
0.18191
0.16277
0.14303
0.1227
0.10179
0.080302
0.05826
0.035674
0.012556
-0.01108
-0.035221
-0.059853
-0.084961
-0.11053
-0.13655
-0.16299
-0.18985
-0.21711
-0.24475
-0.27275
-0.30111
-0.32979
-0.35878
-0.38808
-0.41764
-0.44747
-0.47753
-0.50782
-0.53831
-0.56898
-0.59981
-0.63079
-0.6619
-0.69311
-0.72441
-0.75577
-0.78718
-0.81861
-0.85005
-0.88148
-0.91288
-0.94422
-0.97549
-1.0067
-1.0377
-1.0687
-1.0995
-1.1301
-1.1605
-1.1907
-1.2207
-1.2504
-1.2799
-1.3091
-1.338
-1.3665
-1.3948
-1.4226
-1.4501
-1.4773
-1.504
-1.5303
-1.5561
-1.5815
-1.6064
-1.6308
-1.6548
-1.6782
-1.7011
-1.7235
-1.7453
-1.7665
-1.7872
-1.8072
-1.8267
-1.8455
-1.8638
-1.8814
-1.8983
-1.9146
-1.9302
-1.9452
-1.9595
-1.9731
-1.9861
-1.9983
-2.0098
-2.0206
-2.0307
-2.0401
-2.0488
-2.0568
-2.064
-2.0705
-2.0763
-2.0814
-2.0857
-2.0893
-2.0922
-2.0944
-2.0958
-2.0965
-2.0965
-2.0958
-2.0944
-2.0923
-2.0894
-2.0859
-2.0817
-2.0768
-2.0713
-2.065
-2.0581
-2.0506
-2.0424
-2.0336
-2.0241
-2.0141
-2.0034
-1.9921
-1.9803
-1.9679
-1.9549
-1.9414
-1.9274
-1.9128
-1.8978
-1.8822
-1.8662
-1.8496
-1.8327
-1.8153
-1.7975
-1.7793
-1.7607
-1.7417
-1.7223
-1.7027
-1.6827
-1.6623
-1.6417
-1.6209
-1.5997
-1.5783
-1.5567
-1.5349
-1.5129
-1.4907
-1.4683
-1.4459
-1.4232
-1.4005
-1.3777
-1.3548
-1.3319
-1.3089
-1.2859
-1.2629
-1.2399
-1.217
-1.194
-1.1712
-1.1484
-1.1257
-1.1031
-1.0806
-1.0583
-1.0361
-1.0141
-0.99223
-0.97059
-0.94914
-0.92792
-0.90694
-0.8862
-0.86571
-0.8455
-0.82557
-0.80594
-0.78661
-0.76759
-0.74891
-0.73055
-0.71255
-0.69489
-0.6776
-0.66069
-0.64415
-0.62799
-0.61224
-0.59688
-0.58193
-0.56739
-0.55326
-0.53957
-0.52629
-0.51345
-0.50104
-0.48907
-0.47754
-0.46645
-0.4558
-0.4456
-0.43585
-0.42654
-0.41768
-0.40926
-0.40128
-0.39375
-0.38666
-0.38001
-0.3738
-0.36802
-0.36266
-0.35774
-0.35323
-0.34914
-0.34546
-0.34219
-0.33931
-0.33683
-0.33474
-0.33302
-0.33168
-0.3307
-0.33008
-0.3298
-0.32987
-0.33026
-0.33098
-0.33201
-0.33333
-0.33496
-0.33686
-0.33903
-0.34146
-0.34414
-0.34706
-0.3502
-0.35356
-0.35712
-0.36087
-0.3648
-0.36889
-0.37314
-0.37753
-0.38205
-0.38669
-0.39143
-0.39626
-0.40116
-0.40613
-0.41116
-0.41622
-0.42131
-0.42642
-0.43152
-0.43661
-0.44168
-0.44671
-0.45169
-0.4566
-0.46145
-0.4662
-0.47085
-0.4754
-0.47982
-0.4841
-0.48824
-0.49222
-0.49603
-0.49966
-0.5031
-0.50634
-0.50936
-0.51217
-0.51474
-0.51707
-0.51915
-0.52097
-0.52253
-0.5238
-0.52479
-0.52549
-0.52589
-0.52598
-0.52576
-0.52521
-0.52434
-0.52314
-0.52159
-0.51971
-0.51747
-0.51488
-0.51194
-0.50863
-0.50496
-0.50093
-0.49652
-0.49174
-0.48659
-0.48106
-0.47515
-0.46887
-0.46221
-0.45517
-0.44775
-0.43996
-0.43179
-0.42325
-0.41434
-0.40505
-0.3954
-0.38539
-0.37501
-0.36427
-0.35319
-0.34175
-0.32997
-0.31785
-0.30539
-0.29261
-0.2795
-0.26608
-0.25235
-0.23831
-0.22398
-0.20936
-0.19446
-0.17929
-0.16385
-0.14816
-0.13222
-0.11604
-0.099631
-0.083004
-0.066167
-0.049129
-0.031902
-0.014494
0.0030839
0.020821
0.038707
0.056731
0.074882
0.09315
0.11152
0.12999
0.14854
0.16716
0.18584
0.20457
0.22333
0.24212
0.26093
0.27973
0.29853
0.31731
0.33605
0.35475
0.3734
0.39198
0.41048
0.42889
0.4472
0.4654
0.48348
0.50142
0.51922
0.53686
0.55434
0.57164
0.58876
0.60568
0.6224
0.63889
0.65517
0.67121
0.687
0.70255
0.71783
0.73285
0.74758
0.76203
0.77619
0.79005
0.8036
0.81683
0.82974
0.84232
0.85457
0.86648
0.87804
0.88926
0.90011
0.91061
0.92073
0.93049
0.93988
0.94889
0.95752
0.96576
0.97362
0.98109
0.98817
0.99485
1.0011
1.007
1.0125
1.0177
1.0224
1.0267
1.0306
1.0341
1.0372
1.04
1.0423
1.0442
1.0458
1.047
1.0477
1.0482
1.0482
1.0478
1.0471
1.046
1.0446
1.0427
1.0406
1.038
1.0352
1.032
1.0284
1.0245
1.0203
1.0158
1.011
1.0058
1.0004
0.99464
0.98861
0.9823
0.97571
0.96885
0.96173
0.95436
0.94674
0.93888
0.93079
0.92247
0.91393
0.90518
0.89623
0.88708
0.87774
0.86822
0.85852
0.84866
0.83864
0.82847
0.81816
0.8077
0.79712
0.78642
0.7756
0.76467
0.75364
0.74252
0.73131
0.72002
0.70866
0.69723
0.68573
0.67419
0.66259
0.65096
0.63928
0.62758
0.61585
0.6041
0.59234
0.58056
0.56879
0.55701
0.54524
0.53348
0.52173
0.51
0.49829
0.48661
0.47495
0.46333
0.45174
0.44019
0.42868
0.41721
0.40579
0.39441
0.38308
0.37181
0.36058
0.34941
0.33829
0.32723
0.31622
0.30527
0.29437
0.28353
0.27274
0.26201
0.25133
0.24071
0.23014
0.21961
0.20914
0.19872
0.18835
0.17801
0.16773
0.15748
0.14727
0.13709
0.12695
0.11684
0.10675
0.096692
0.086651
0.076627
0.066617
0.056618
0.046625
0.036636
0.026645
0.01665
0.0066455
-0.0033714
-0.013405
-0.02346
-0.033541
-0.04365
-0.053794
-0.063975
-0.074199
-0.08447
-0.094792
-0.10517
-0.11561
-0.12611
-0.13668
-0.14732
-0.15804
-0.16884
-0.17972
-0.19069
-0.20176
-0.21292
-0.22419
-0.23556
-0.24703
-0.25862
-0.27032
-0.28215
-0.29409
-0.30616
-0.31835
-0.33068
-0.34314
-0.35573
-0.36846
-0.38133
-0.39435
-0.40751
-0.42081
-0.43426
-0.44786
-0.46162
-0.47552
-0.48957
-0.50378
-0.51813
-0.53264
-0.54731
-0.56213
-0.5771
-0.59222
-0.60749
-0.62291
-0.63848
-0.6542
-0.67007
-0.68608
-0.70223
-0.71852
-0.73495
-0.75151
-0.7682
-0.78503
-0.80198
-0.81905
-0.83623
-0.85354
-0.87095
-0.88847
-0.90609
-0.9238
-0.94161
-0.95951
-0.97749
-0.99554
-1.0137
-1.0319
-1.0501
-1.0684
-1.0868
-1.1051
-1.1236
-1.142
-1.1605
-1.179
-1.1975
-1.216
-1.2344
-1.2529
-1.2714
-1.2898
-1.3082
-1.3265
-1.3448
-1.363
-1.3812
-1.3993
-1.4173
-1.4352
-1.453
-1.4707
-1.4883
-1.5058
-1.5231
-1.5403
-1.5574
-1.5743
-1.5911
-1.6076
-1.6241
-1.6403
-1.6563
-1.6721
-1.6878
-1.7032
-1.7184
-1.7333
-1.7481
-1.7626
-1.7768
-1.7908
-1.8046
-1.818
-1.8313
-1.8442
-1.8568
-1.8692
-1.8813
-1.893
-1.9045
-1.9157
-1.9265
-1.937
-1.9472
-1.9571
-1.9667
-1.9759
-1.9848
-1.9934
-2.0016
-2.0095
-2.0171
-2.0243
-2.0311
-2.0376
-2.0438
-2.0496
-2.055
-2.0601
-2.0649
-2.0693
-2.0734
-2.0771
-2.0804
-2.0834
-2.0861
-2.0884
-2.0904
-2.0921
-2.0934
-2.0944
-2.095
-2.0953
-2.0953
-2.095
-2.0944
-2.0934
-2.0922
-2.0906
-2.0888
-2.0866
-2.0842
-2.0815
-2.0785
-2.0753
-2.0717
-2.068
-2.0639
-2.0597
-2.0552
-2.0504
-2.0455
-2.0403
-2.0349
-2.0294
-2.0236
-2.0176
-2.0115
-2.0052
-1.9987
-1.9921
-1.9853
-1.9784
-1.9714
-1.9643
-1.957
-1.9496
-1.9422
-1.9346
-1.927
-1.9193
-1.9116
-1.9038
-1.8959
-1.888
-1.8801
-1.8722
-1.8643
-1.8563
-1.8484
-1.8404
-1.8325
-1.8246
-1.8168
-1.809
-1.8012
-1.7935
-1.7859
-1.7783
-1.7709
-1.7635
-1.7561
-1.7489
-1.7418
-1.7348
-1.7279
-1.7211
-1.7145
-1.7079
-1.7015
-1.6953
-1.6891
-1.6832
-1.6773
-1.6717
-1.6661
-1.6608
-1.6555
-1.6505
-1.6456
-1.6409
-1.6363
-1.6319
-1.6277
-1.6237
-1.6198
-1.6161
-1.6125
-1.6091
-1.6059
-1.6029
-1.6
-1.5973
-1.5947
-1.5923
-1.59
-1.5879
-1.586
-1.5842
-1.5825
-1.581
-1.5796
-1.5783
-1.5772
-1.5761
-1.5752
-1.5744
-1.5737
-1.5731
-1.5726
-1.5721
-1.5718
-1.5715
-1.5713
-1.5711
-1.571
-1.5709
-1.5708
-1.5708
-1.5708