1.5708
1.5708
1.5708
1.5708
1.5709
1.5709
1.571
1.5711
1.5713
1.5715
1.5717
1.572
1.5724
1.5728
1.5733
1.5738
1.5745
1.5752
1.576
1.5769
1.5779
1.5789
1.5801
1.5814
1.5828
1.5843
1.5859
1.5876
1.5895
1.5914
1.5935
1.5957
1.5981
1.6006
1.6032
1.6059
1.6088
1.6118
1.6149
1.6182
1.6216
1.6252
1.6288
1.6327
1.6366
1.6408
1.645
1.6494
1.6539
1.6586
1.6633
1.6683
1.6733
1.6785
1.6838
1.6892
1.6948
1.7005
1.7063
1.7122
1.7182
1.7243
1.7306
1.7369
1.7434
1.7499
1.7565
1.7632
1.77
1.7769
1.7838
1.7908
1.7979
1.805
1.8122
1.8194
1.8267
1.834
1.8413
1.8487
1.856
1.8634
1.8708
1.8782
1.8856
1.893
1.9003
1.9076
1.9149
1.9222
1.9294
1.9365
1.9436
1.9506
1.9575
1.9644
1.9712
1.9778
1.9844
1.9908
1.9971
2.0033
2.0094
2.0153
2.0211
2.0267
2.0321
2.0374
2.0425
2.0474
2.0521
2.0566
2.0609
2.0649
2.0688
2.0724
2.0758
2.0789
2.0818
2.0844
2.0868
2.0889
2.0907
2.0922
2.0935
2.0944
2.095
2.0953
2.0953
2.095
2.0944
2.0934
2.0921
2.0905
2.0885
2.0861
2.0834
2.0803
2.0769
2.0731
2.0689
2.0644
2.0595
2.0542
2.0485
2.0424
2.0359
2.029
2.0218
2.0141
2.0061
1.9976
1.9887
1.9795
1.9698
1.9597
1.9493
1.9384
1.9271
1.9154
1.9033
1.8908
1.8779
1.8646
1.8509
1.8368
1.8223
1.8074
1.7922
1.7765
1.7604
1.744
1.7272
1.71
1.6925
1.6746
1.6563
1.6377
1.6187
1.5994
1.5797
1.5597
1.5394
1.5187
1.4978
1.4765
1.4549
1.433
1.4109
1.3884
1.3657
1.3427
1.3195
1.296
1.2723
1.2483
1.2242
1.1998
1.1752
1.1504
1.1254
1.1003
1.0749
1.0495
1.0239
0.9981
0.97222
0.94623
0.92014
0.89395
0.86768
0.84134
0.81494
0.78849
0.76201
0.7355
0.70897
0.68245
0.65593
0.62943
0.60297
0.57655
0.55019
0.52389
0.49767
0.47155
0.44553
0.41962
0.39384
0.3682
0.34271
0.31739
0.29223
0.26727
0.2425
0.21794
0.1936
0.1695
0.14564
0.12203
0.098696
0.075636
0.052864
0.030393
0.0082324
-0.013607
-0.035113
-0.056277
-0.077088
-0.097536
-0.11761
-0.1373
-0.1566
-0.1755
-0.19398
-0.21204
-0.22968
-0.24687
-0.26362
-0.27991
-0.29573
-0.31108
-0.32596
-0.34034
-0.35424
-0.36762
-0.3805
-0.39287
-0.40471
-0.41603
-0.42681
-0.43705
-0.44674
-0.45589
-0.46448
-0.47251
-0.47998
-0.48688
-0.49321
-0.49896
-0.50413
-0.50873
-0.51274
-0.51616
-0.519
-0.52125
-0.5229
-0.52396
-0.52443
-0.52431
-0.52359
-0.52228
-0.52038
-0.51788
-0.51479
-0.51111
-0.50684
-0.50198
-0.49654
-0.49051
-0.4839
-0.47672
-0.46896
-0.46064
-0.45174
-0.44229
-0.43227
-0.4217
-0.41059
-0.39893
-0.38674
-0.37401
-0.36076
-0.34698
-0.3327
-0.31791
-0.30262
-0.28684
-0.27058
-0.25384
-0.23663
-0.21896
-0.20084
-0.18228
-0.16329
-0.14387
-0.12404
-0.1038
-0.083163
-0.062143
-0.040748
-0.018987
0.0031291
0.025589
0.048383
0.071499
0.094926
0.11865
0.14267
0.16696
0.19152
0.21634
0.24139
0.26668
0.29219
0.3179
0.3438
0.36989
0.39615
0.42256
0.44912
0.47581
0.50263
0.52954
0.55656
0.58365
0.61082
0.63804
0.66531
0.69261
0.71993
0.74726
0.77458
0.80189
0.82916
0.85639
0.88357
0.91068
0.93771
0.96466
0.99149
1.0182
1.0448
1.0713
1.0976
1.1237
1.1497
1.1755
1.2011
1.2265
1.2517
1.2767
1.3014
1.3259
1.3501
1.374
1.3977
1.4211
1.4442
1.467
1.4895
1.5117
1.5335
1.555
1.5762
1.597
1.6174
1.6375
1.6572
1.6765
1.6954
1.714
1.7321
1.7499
1.7672
1.7841
1.8006
1.8167
1.8323
1.8475
1.8623
1.8766
1.8905
1.9039
1.9169
1.9295
1.9416
1.9532
1.9643
1.9751
1.9853
1.9951
2.0044
2.0133
2.0217
2.0296
2.0371
2.0441
2.0507
2.0568
2.0624
2.0676
2.0724
2.0767
2.0805
2.0839
2.0869
2.0894
2.0915
2.0932
2.0944
2.0952
2.0956
2.0956
2.0952
2.0944
2.0932
2.0916
2.0896
2.0873
2.0845
2.0815
2.078
2.0742
2.0701
2.0656
2.0608
2.0557
2.0503
2.0446
2.0386
2.0322
2.0257
2.0188
2.0117
2.0043
1.9967
1.9888
1.9808
1.9725
1.964
1.9553
1.9464
1.9373
1.9281
1.9187
1.9091
1.8995
1.8897
1.8797
1.8697
1.8595
1.8493
1.839
1.8286
1.8182
1.8077
1.7971
1.7866
1.776
1.7654
1.7548
1.7442
1.7336
1.723
1.7125
1.702
1.6916
1.6813
1.671
1.6608
1.6507
1.6406
1.6307
1.6209
1.6113
1.6017
1.5923
1.5831
1.574
1.5651
1.5563
1.5477
1.5393
1.5311
1.5231
1.5153
1.5078
1.5004
1.4932
1.4863
1.4797
1.4732
1.467
1.4611
1.4554
1.45
1.4448
1.4399
1.4353
1.431
1.4269
1.4232
1.4197
1.4165
1.4136
1.4109
1.4086
1.4066
1.4049
1.4034
1.4023
1.4015
1.4009
1.4007
1.4008
1.4012
1.4019
1.4028
1.4041
1.4057
1.4076
1.4098
1.4122
1.415
1.4181
1.4214
1.425
1.4289
1.4331
1.4376
1.4423
1.4473
1.4525
1.4581
1.4638
1.4698
1.4761
1.4826
1.4893
1.4963
1.5035
1.5109
1.5185
1.5263
1.5343
1.5425
1.5509
1.5595
1.5682
1.5771
1.5861
1.5953
1.6047
1.6141
1.6237
1.6335
1.6433
1.6532
1.6632
1.6733
1.6834
1.6937
1.704
1.7143
1.7247
1.7351
1.7455
1.7559
1.7664
1.7768
1.7872
1.7976
1.808
1.8183
1.8286
1.8388
1.8489
1.859
1.8689
1.8788
1.8885
1.8982
1.9077
1.917
1.9263
1.9354
1.9443
1.953
1.9616
1.9699
1.9781
1.9861
1.9938
2.0014
2.0087
2.0157
2.0225
2.0291
2.0354
2.0414
2.0471
2.0526
2.0577
2.0626
2.0671
2.0714
2.0753
2.0789
2.0821
2.085
2.0876
2.0898
2.0917
2.0932
2.0943
2.0951
2.0954
2.0954
2.095
2.0943
2.0931
2.0915
2.0895
2.0871
2.0843
2.0811
2.0775
2.0735
2.069
2.0641
2.0588
2.0531
2.047
2.0404
2.0334
2.0259
2.0181
2.0098
2.0011
1.9919
1.9824
1.9724
1.9619
1.9511
1.9398
1.9281
1.916
1.9035
1.8906
1.8772
1.8635
1.8493
1.8348
1.8198
1.8045
1.7887
1.7726
1.7561
1.7392
1.722
1.7044
1.6864
1.6681
1.6494
1.6304
1.6111
1.5914
1.5714
1.5511
1.5305
1.5096
1.4883
1.4668
1.4451
1.423
1.4007
1.3782
1.3554
1.3323
1.309
1.2856
1.2619
1.238
1.2139
1.1896
1.1651
1.1405
1.1158
1.0908
1.0658
1.0406
1.0154
0.98997
0.96449
0.93892
0.91329
0.88758
0.86183
0.83603
0.81021
0.78436
0.7585
0.73264
0.70679
0.68096
0.65517
0.62941
0.60371
0.57808
0.55251
0.52704
0.50165
0.47638
0.45122
0.42618
0.40129
0.37654
0.35194
0.32752
0.30327
0.27921
0.25535
0.2317
0.20826
0.18505
0.16208
0.13935
0.11688
0.094669
0.072735
0.051083
0.029723
0.0086628
-0.012089
-0.032524
-0.052634
-0.07241
-0.091845
-0.11093
-0.12966
-0.14803
-0.16602
-0.18364
-0.20087
-0.21771
-0.23415
-0.25018
-0.26581
-0.28102
-0.2958
-0.31016
-0.32409
-0.33757
-0.35062
-0.36321
-0.37535
-0.38704
-0.39826
-0.40902
-0.41931
-0.42914
-0.43848
-0.44735
-0.45574
-0.46364
-0.47106
-0.478
-0.48444
-0.4904
-0.49586
-0.50084
-0.50531
-0.5093
-0.51279
-0.51579
-0.51829
-0.5203
-0.52181
-0.52284
-0.52337
-0.52341
-0.52297
-0.52203
-0.52062
-0.51872
-0.51634
-0.51348
-0.51015
-0.50634
-0.50207
-0.49733
-0.49214
-0.48648
-0.48037
-0.47382
-0.46681
-0.45937
-0.4515
-0.44319
-0.43446
-0.42532
-0.41575
-0.40579
-0.39542
-0.38465
-0.3735
-0.36196
-0.35005
-0.33777
-0.32512
-0.31213
-0.29878
-0.28509
-0.27107
-0.25673
-0.24207
-0.2271
-0.21182
-0.19625
-0.1804
-0.16427
-0.14787
-0.13121
-0.1143
-0.097145
-0.079755
-0.06214
-0.044307
-0.026266
-0.0080255
0.010405
0.029017
0.047802
0.06675
0.085852
0.1051
0.12448
0.14399
0.16362
0.18336
0.20319
0.22312
0.24312
0.2632
0.28335
0.30354
0.32378
0.34406
0.36437
0.38469
0.40502
0.42536
0.44568
0.46599
0.48628
0.50653
0.52674
0.5469
0.56701
0.58704
0.60701
0.62689
0.64668
0.66638
0.68597
0.70545
0.72481
0.74404
0.76314
0.78211
0.80092
0.81958
0.83809
0.85642
0.87459
0.89258
0.91038
0.928
0.94542
0.96264
0.97966
0.99647
1.0131
1.0294
1.0456
1.0615
1.0772
1.0927
1.1079
1.1229
1.1376
1.1521
1.1663
1.1803
1.194
1.2075
1.2207
1.2337
1.2463
1.2588
1.2709
1.2828
1.2944
1.3058
1.3168
1.3276
1.3382
1.3484
1.3584
1.3682
1.3776
1.3868
1.3957
1.4044
1.4128
1.4209
1.4288
1.4364
1.4438
1.4509
1.4577
1.4643
1.4707
1.4768
1.4827
1.4883
1.4937
1.4989
1.5038
1.5085
1.513
1.5173
1.5214
1.5253
1.5289
1.5324
1.5357
1.5387
1.5416
1.5444
1.5469
1.5493
1.5515
1.5536
1.5555
1.5573
1.5589
1.5604
1.5618
1.563
1.5641
1.5651
1.566
1.5668
1.5675
1.5681
1.5687
1.5691
1.5695
1.5698
1.5701
1.5703
1.5705
1.5706
1.5707
1.5707
1.5708
1.5708
1.5708