1.5708
1.5709
1.5718
1.574
1.5785
1.5856
1.5962
1.6106
1.6292
1.6522
1.6799
1.7121
1.7487
1.7894
1.8337
1.8809
1.9304
1.9813
2.0327
2.0834
2.1325
2.1789
2.2214
2.259
2.2907
2.3155
2.3327
2.3416
2.3417
2.3327
2.3144
2.2868
2.2503
2.2054
2.1526
2.093
2.0276
1.9575
1.8843
1.8093
1.7343
1.6607
1.5903
1.5247
1.4655
1.4144
1.3725
1.3413
1.3218
1.3148
1.3211
1.341
1.3747
1.4221
1.4827
1.556
1.6411
1.7367
1.8416
1.9543
2.073
2.1959
2.3209
2.4463
2.5698
2.6895
2.8035
2.9099
3.0069
3.0929
3.1667
3.2271
3.273
3.3039
3.3193
3.3191
3.3035
3.2728
3.2277
3.1691
3.098
3.0158
2.9239
2.824
2.7175
2.6064
2.4924
2.3771
2.2624
2.1497
2.0407
1.9367
1.8388
1.7481
1.6655
1.5915
1.5266
1.4709
1.4244
1.3869
1.358
1.3371
1.3235
1.3163
1.3145
1.3173
1.3234
1.3319
1.3417
1.3518
1.3612
1.369
1.3747
1.3774
1.3768
1.3726
1.3645
1.3527
1.3371
1.3181
1.2962
1.2718
1.2455
1.2181
1.1904
1.1631
1.1371
1.1131
1.0919
1.0741
1.0605
1.0514
1.0472
1.0484
1.0548
1.0667
1.0837
1.1057
1.1322
1.1626
1.1963
1.2325
1.2705
1.3094
1.3483
1.3862
1.4222
1.4556
1.4855
1.5112
1.5321
1.5476
1.5575
1.5614
1.5592
1.5511
1.5372
1.5178
1.4934
1.4646
1.432
1.3965
1.3589
1.3201
1.2809
1.2423
1.2053
1.1706
1.1391
1.1114
1.0883
1.0701
1.0573
1.0501
1.0487
1.0529
1.0627
1.0778
1.0977
1.1219
1.1498
1.1808
1.2142
1.2491
1.2848
1.3205
1.3555
1.3891
1.4208
1.4499
1.4761
1.4991
1.5187
1.5348
1.5475
1.557
1.5636
1.5677
1.5699
1.5707