1.297e-12
8.477e-05
0.00067348
0.0022495
0.0052586
0.010094
0.01708
0.026463
0.038402
0.052956
0.070087
0.089653
0.11141
0.13503
0.16007
0.18605
0.21238
0.23845
0.26361
0.28718
0.30851
0.32695
0.34189
0.35278
0.35916
0.36065
0.35697
0.34794
0.33354
0.31383
0.28904
0.25949
0.22563
0.18803
0.14733
0.1043
0.059736
0.014493
-0.030544
-0.074488
-0.11647
-0.15566
-0.1913
-0.2227
-0.24928
-0.27058
-0.28627
-0.29617
-0.30025
-0.29862
-0.29157
-0.27953
-0.26306
-0.24287
-0.21979
-0.19473
-0.1687
-0.14274
-0.11795
-0.095395
-0.076148
-0.061218
-0.051539
-0.047943
-0.051137
-0.061684
-0.079986
-0.10627
-0.14057
-0.18275
-0.23245
-0.28916
-0.35215
-0.42057
-0.49337
-0.56941
-0.6474
-0.72602
-0.80386
-0.8795
-0.95153
-1.0186
-1.0794
-1.1327
-1.1775
-1.2128
-1.238
-1.2525
-1.256
-1.2484
-1.2298
-1.2005
-1.1612
-1.1126
-1.0557
-0.99163
-0.92173
-0.84743
-0.77026
-0.69181
-0.61372
-0.53762
-0.46509
-0.39764
-0.33671
-0.28355
-0.2393
-0.20488
-0.18101
-0.16821
-0.16673
-0.17662
-0.19766
-0.22942
-0.27122
-0.3222
-0.38128
-0.44722
-0.51866
-0.59409
-0.67195
-0.75063
-0.82849
-0.90392
-0.97539
-1.0414
-1.1007
-1.152
-1.1942
-1.2267
-1.2486
-1.2597
-1.2597
-1.2487
-1.2269
-1.1947
-1.1529
-1.1023
-1.0439
-0.97884
-0.90839
-0.83389
-0.75675
-0.67836
-0.60013
-0.52343
-0.44956
-0.37971
-0.31496
-0.25626
-0.20439
-0.15996
-0.12342
-0.094997
-0.074772
-0.062625
-0.058268
-0.061249
-0.070972
-0.086712
-0.10764
-0.13283
-0.1613
-0.19206
-0.22406
-0.25631
-0.28784
-0.31772
-0.34513
-0.36935
-0.38974
-0.40582
-0.41721
-0.42369
-0.42517
-0.42169
-0.41341
-0.40063
-0.38373
-0.3632
-0.3396
-0.31354
-0.28567
-0.25666
-0.22718
-0.19787
-0.16933
-0.14211
-0.1167
-0.093483
-0.072765
-0.054751
-0.039544
-0.027144
-0.017452
-0.010276
-0.0053339
-0.0022735
-0.00067825
-8.5069e-05