8.4916e-07
4.5766e-07
-2.0135e-06
-8.5773e-06
-2.1171e-05
-4.1652e-05
-7.1801e-05
-0.00011331
-0.0001678
-0.00023678
-0.00032171
-0.00042392
-0.00054467
-0.00068513
-0.00084637
-0.0010294
-0.001235
-0.001464
-0.0017172
-0.001995
-0.002298
-0.0026265
-0.0029808
-0.0033612
-0.0037676
-0.0042001
-0.0046585
-0.0051425
-0.005652
-0.0061863
-0.0067451
-0.0073275
-0.007933
-0.0085606
-0.0092094
-0.0098784
-0.010566
-0.011272
-0.011994
-0.012731
-0.013482
-0.014244
-0.015017
-0.015798
-0.016585
-0.017377
-0.018171
-0.018965
-0.019758
-0.020546
-0.021327
-0.022099
-0.02286
-0.023606
-0.024335
-0.025045
-0.025732
-0.026393
-0.027027
-0.027629
-0.028196
-0.028727
-0.029217
-0.029663
-0.030062
-0.030411
-0.030707
-0.030946
-0.031125
-0.031241
-0.03129
-0.031269
-0.031174
-0.031002
-0.030749
-0.030413
-0.029989
-0.029475
-0.028866
-0.02816
-0.027352
-0.02644
-0.025421
-0.02429
-0.023044
-0.021681
-0.020196
-0.018587
-0.016851
-0.014984
-0.012982
-0.010845
-0.0085667
-0.006146
-0.0035796
-0.00086451
0.0020019
0.0050224
0.0081997
0.011536
0.015034
0.018697
0.022526
0.026523
0.030692
0.035034
0.03955
0.044243
0.049115
0.054167
0.059401
0.064819
0.070421
0.076209
0.082185
0.088348
0.094701
0.10124
0.10798
0.1149
0.12202
0.12933
0.13683
0.14452
0.15241
0.16048
0.16875
0.17721
0.18587
0.19471
0.20374
0.21297
0.22237
0.23197
0.24175
0.25172
0.26186
0.27219
0.2827
0.29338
0.30424
0.31528
0.32648
0.33785
0.34939
0.36109
0.37294
0.38496
0.39713
0.40945
0.42192
0.43454
0.44729
0.46018
0.47321
0.48636
0.49964
0.51305
0.52657
0.5402
0.55394
0.56779
0.58174
0.59578
0.60992
0.62414
0.63844
0.65281
0.66726
0.68178
0.69635
0.71098
0.72566
0.74039
0.75516
0.76996
0.78479
0.79964
0.81451
0.82939
0.84427
0.85916
0.87404
0.88891
0.90376
0.91858
0.93338
0.94815
0.96287
0.97754
0.99216
1.0067
1.0212
1.0357
1.05
1.0643
1.0784
1.0925
1.1065
1.1204
1.1341
1.1478
1.1613
1.1747
1.1879
1.2011
1.214
1.2268
1.2395
1.252
1.2643
1.2764
1.2884
1.3002
1.3117
1.3231
1.3343
1.3453
1.3561
1.3666
1.377
1.3871
1.3969
1.4066
1.416
1.4251
1.434
1.4427
1.4511
1.4592
1.4671
1.4747
1.4821
1.4891
1.4959
1.5024
1.5086
1.5146
1.5202
1.5255
1.5306
1.5353
1.5398
1.5439
1.5478
1.5513
1.5545
1.5574
1.56
1.5622
1.5642
1.5658
1.5671
1.5681
1.5688
1.5691
1.5691
1.5688
1.5682
1.5672
1.5659
1.5643
1.5623
1.5601
1.5575
1.5545
1.5513
1.5477
1.5438
1.5395
1.5349
1.5301
1.5248
1.5193
1.5135
1.5073
1.5008
1.494
1.4869
1.4794
1.4717
1.4636
1.4552
1.4466
1.4376
1.4283
1.4188
1.4089
1.3987
1.3883
1.3776
1.3665
1.3552
1.3437
1.3318
1.3197
1.3073
1.2946
1.2817
1.2685
1.2551
1.2414
1.2275
1.2133
1.1988
1.1842
1.1693
1.1542
1.1388
1.1233
1.1075
1.0915
1.0753
1.0589
1.0423
1.0255
1.0085
0.9913
0.97393
0.95639
0.93867
0.92079
0.90274
0.88453
0.86616
0.84764
0.82897
0.81017
0.79122
0.77214
0.75294
0.73361
0.71416
0.69459
0.67492
0.65514
0.63525
0.61528
0.59521
0.57505
0.55481
0.5345
0.51411
0.49365
0.47313
0.45254
0.43191
0.41122
0.39048
0.36971
0.34889
0.32805
0.30717
0.28627
0.26535
0.24442
0.22347
0.20252
0.18157
0.16061
0.13966
0.11873
0.097802
0.076896
0.056012
0.035154
0.014326
-0.0064681
-0.027224
-0.047939
-0.068608
-0.089227
-0.10979
-0.1303
-0.15075
-0.17114
-0.19146
-0.2117
-0.23188
-0.25197
-0.27198
-0.29191
-0.31175
-0.3315
-0.35116
-0.37072
-0.39017
-0.40953
-0.42877
-0.44791
-0.46693
-0.48584
-0.50463
-0.5233
-0.54185
-0.56027
-0.57856
-0.59672
-0.61475
-0.63264
-0.65039
-0.66799
-0.68546
-0.70278
-0.71995
-0.73698
-0.75385
-0.77056
-0.78712
-0.80352
-0.81977
-0.83585
-0.85177
-0.86752
-0.88311
-0.89852
-0.91377
-0.92885
-0.94375
-0.95849
-0.97304
-0.98742
-1.0016
-1.0156
-1.0295
-1.0432
-1.0566
-1.0699
-1.083
-1.096
-1.1087
-1.1213
-1.1337
-1.1458
-1.1578
-1.1697
-1.1813
-1.1927
-1.204
-1.215
-1.2259
-1.2366
-1.2471
-1.2574
-1.2675
-1.2774
-1.2872
-1.2967
-1.3061
-1.3152
-1.3242
-1.333
-1.3416
-1.3501
-1.3583
-1.3664
-1.3743
-1.382
-1.3895
-1.3968
-1.404
-1.4109
-1.4177
-1.4244
-1.4308
-1.4371
-1.4432
-1.4491
-1.4549
-1.4605
-1.4659
-1.4712
-1.4763
-1.4812
-1.486
-1.4906
-1.495
-1.4994
-1.5035
-1.5075
-1.5114
-1.5151
-1.5187
-1.5221
-1.5254
-1.5285
-1.5315
-1.5344
-1.5371
-1.5398
-1.5422
-1.5446
-1.5469
-1.549
-1.551
-1.5529
-1.5547
-1.5563
-1.5579
-1.5594
-1.5607
-1.562
-1.5632
-1.5642
-1.5652
-1.5661
-1.5669
-1.5676
-1.5683
-1.5688
-1.5693
-1.5698
-1.5701
-1.5704
-1.5706
-1.5708
-1.5709
-1.571
-1.5709
-1.5709
-1.5708
-1.5707
-1.5705
-1.5702
-1.57
-1.5697
-1.5694
-1.569
-1.5686
-1.5682
-1.5678
-1.5673
-1.5669
-1.5664
-1.5659
-1.5654
-1.5649
-1.5643
-1.5638
-1.5633
-1.5628
-1.5623
-1.5617
-1.5612
-1.5607
-1.5602
-1.5598
-1.5593
-1.5588
-1.5584
-1.558
-1.5576
-1.5572
-1.5568
-1.5565
-1.5562
-1.5559
-1.5556
-1.5554
-1.5552
-1.555
-1.5549
-1.5547
-1.5546
-1.5546
-1.5545
-1.5545
-1.5545
-1.5546
-1.5547
-1.5548
-1.5549
-1.5551
-1.5553
-1.5555
-1.5558
-1.556
-1.5563
-1.5567
-1.557
-1.5574
-1.5578
-1.5582
-1.5587
-1.5591
-1.5596
-1.5601
-1.5606
-1.5611
-1.5616
-1.5622
-1.5627
-1.5633
-1.5638
-1.5643
-1.5649
-1.5654
-1.5659
-1.5665
-1.567
-1.5675
-1.5679
-1.5684
-1.5688
-1.5692
-1.5695
-1.5699
-1.5702
-1.5704
-1.5706
-1.5708
-1.5709
-1.571
-1.571
-1.5709
-1.5708
-1.5706
-1.5703
-1.57
-1.5696
-1.5691
-1.5685
-1.5678
-1.5671
-1.5662
-1.5652
-1.5642
-1.563
-1.5617
-1.5603
-1.5588
-1.5571
-1.5553
-1.5534
-1.5514
-1.5492
-1.5468
-1.5443
-1.5417
-1.5389
-1.536
-1.5329
-1.5296
-1.5261
-1.5225
-1.5187
-1.5148
-1.5106
-1.5063
-1.5017
-1.497
-1.4921
-1.487
-1.4816
-1.4761
-1.4704
-1.4644
-1.4583
-1.4519
-1.4453
-1.4385
-1.4315
-1.4242
-1.4167
-1.409
-1.4011
-1.3929
-1.3845
-1.3758
-1.3669
-1.3578
-1.3485
-1.3389
-1.329
-1.3189
-1.3086
-1.298
-1.2872
-1.2761
-1.2648
-1.2533
-1.2415
-1.2295
-1.2172
-1.2047
-1.1919
-1.1789
-1.1657
-1.1522
-1.1385
-1.1245
-1.1103
-1.0959
-1.0812
-1.0664
-1.0513
-1.0359
-1.0204
-1.0046
-0.9886
-0.9724
-0.95598
-0.93936
-0.92253
-0.9055
-0.88827
-0.87085
-0.85324
-0.83545
-0.81747
-0.79932
-0.78099
-0.76249
-0.74383
-0.72502
-0.70604
-0.68692
-0.66766
-0.64825
-0.62871
-0.60905
-0.58926
-0.56935
-0.54933
-0.52921
-0.50899
-0.48868
-0.46827
-0.44779
-0.42723
-0.40661
-0.38592
-0.36518
-0.34438
-0.32355
-0.30268
-0.28178
-0.26086
-0.23993
-0.21898
-0.19804
-0.1771
-0.15618
-0.13527
-0.11439
-0.093545
-0.072741
-0.051985
-0.031284
-0.010645
0.0099239
0.030417
0.050826
0.071144
0.091365
0.11148
0.13149
0.15137
0.17113
0.19076
0.21025
0.22959
0.24878
0.26781
0.28667
0.30536
0.32388
0.3422
0.36034
0.37828
0.39601
0.41353
0.43084
0.44792
0.46478
0.4814
0.49779
0.51393
0.52982
0.54545
0.56083
0.57594
0.59078
0.60535
0.61963
0.63364
0.64735
0.66078
0.67391
0.68674
0.69926
0.71148
0.72339
0.73499
0.74627
0.75723
0.76787
0.77819
0.78817
0.79783
0.80716
0.81616
0.82482
0.83314
0.84113
0.84877
0.85608
0.86305
0.86967
0.87596
0.8819
0.8875
0.89275
0.89767
0.90224
0.90647
0.91037
0.91392
0.91713
0.92001
0.92255
0.92476
0.92663
0.92817
0.92939
0.93028
0.93084
0.93108
0.93101
0.93062
0.92991
0.9289
0.92758
0.92596
0.92403
0.92182
0.91931
0.91651
0.91343
0.91007
0.90643
0.90253
0.89836
0.89393
0.88924
0.8843
0.87911
0.87368
0.86802
0.86213
0.85601
0.84967
0.84312
0.83636
0.82939
0.82223
0.81488
0.80735
0.79963
0.79174
0.78369
0.77547
0.7671
0.75858
0.74992
0.74112
0.73219
0.72314
0.71397
0.70469
0.6953
0.68582
0.67624
0.66658
0.65684
0.64702
0.63714
0.6272
0.6172
0.60715
0.59706
0.58694
0.57678
0.5666
0.5564
0.54618
0.53596
0.52574
0.51553
0.50532
0.49513
0.48495
0.47481
0.46469
0.45461
0.44458
0.43459
0.42465
0.41476
0.40494
0.39518
0.3855
0.37588
0.36635
0.35689
0.34753
0.33825
0.32907
0.31998
0.311
0.30212
0.29335
0.28469
0.27614
0.26771
0.2594
0.25122
0.24315
0.23522
0.22741
0.21973
0.21219
0.20478
0.19751
0.19037
0.18338
0.17653
0.16981
0.16324
0.15682
0.15054
0.1444
0.13841
0.13257
0.12687
0.12132
0.11591
0.11065
0.10554
0.10057
0.095742
0.091061
0.086523
0.082128
0.077874
0.073761
0.069786
0.06595
0.062249
0.058684
0.055252
0.051951
0.048781
0.045738
0.042821
0.040028
0.037357
0.034806
0.032372
0.030053
0.027847
0.02575
0.023762
0.021878
0.020097
0.018416
0.016832
0.015342
0.013944
0.012634
0.01141
0.010269
0.0092073
0.008223
0.0073127
0.0064735
0.0057023
0.0049961
0.004352
0.003767
0.003238
0.0027621
0.0023363
0.0019576
0.0016232
0.00133
0.0010752
0.00085585
0.00066922
0.00051245
0.00038278
0.00027748
0.00019387
0.00012932
8.1236e-05
4.7091e-05
2.4408e-05
1.0767e-05
3.8112e-06
1.2477e-06