-0.58644
-0.58588
-0.58479
-0.58303
-0.58044
-0.57682
-0.57192
-0.5655
-0.55726
-0.54691
-0.53416
-0.51868
-0.5002
-0.47841
-0.45306
-0.42392
-0.39078
-0.35349
-0.31194
-0.26608
-0.21592
-0.16151
-0.10299
-0.040535
0.025608
0.095135
0.16769
0.24287
0.32023
0.39929
0.47954
0.56045
0.6415
0.72215
0.80188
0.88018
0.95658
1.0306
1.102
1.1702
1.2351
1.2964
1.354
1.4076
1.4574
1.5033
1.5455
1.584
1.619
1.6508
1.6797
1.706
1.7299
1.7518
1.7721
1.7911
1.809
1.8262
1.8429
1.8593
1.8757
1.892
1.9085
1.9252
1.9419
1.9588
1.9755
1.9921
2.0082
2.0238
2.0384
2.0519
2.0641
2.0746
2.0833
2.0898
2.094
2.0958
2.095
2.0916
2.0856
2.0769
2.0658
2.0524
2.0368
2.0194
2.0005
1.9805
1.9597
1.9385
1.9175
1.8971
1.8777
1.8597
1.8436
1.8298
1.8185
1.81
1.8047
1.8025
1.8036
1.8079
1.8154
1.8259
1.8392
1.8548
1.8724
1.8916
1.9117
1.9322
1.9525
1.9719
1.9898
2.0054
2.0182
2.0274
2.0325
2.0328
2.028
2.0176
2.0013
1.9787
1.9497
1.9142
1.8723
1.8241
1.7697
1.7095
1.6439
1.5733
1.4984
1.4196
1.3376
1.2532
1.1671
1.0799
0.99245
0.90541
0.81948
0.73531
0.65352
0.57464
0.49917
0.42751
0.36001
0.29692
0.23841
0.18458
0.13544
0.090931
0.050924
0.015217
-0.016445
-0.044368
-0.068897
-0.090409
-0.1093
-0.12599
-0.14087
-0.15436
-0.16684
-0.17867
-0.19019
-0.20168
-0.21339
-0.22555
-0.23829
-0.25173
-0.26594
-0.28094
-0.29668
-0.31311
-0.33013
-0.34761
-0.36539
-0.38331
-0.40118
-0.41883
-0.43607
-0.45274
-0.46867
-0.48372
-0.49779
-0.51077
-0.52261
-0.53326
-0.54273
-0.55102
-0.55819
-0.56429
-0.56941
-0.57364
-0.57707
-0.57983
-0.582
-0.58367
-0.58492
-0.58581
-0.58636
-0.58658