-0.0049074
-0.004294
-0.0034302
-0.002124
-0.00020619
0.0024696
0.0060269
0.010567
0.016172
0.022901
0.0308
0.039894
0.050197
0.061708
0.074414
0.088291
0.10331
0.11942
0.13657
0.1547
0.17375
0.19361
0.2142
0.23542
0.25714
0.27922
0.30153
0.32389
0.34612
0.36804
0.38943
0.41007
0.42973
0.44817
0.46515
0.48043
0.49376
0.5049
0.51365
0.51978
0.52313
0.52355
0.52091
0.51515
0.50623
0.49417
0.47904
0.46095
0.44009
0.41669
0.39103
0.36345
0.33435
0.30414
0.2733
0.24233
0.21175
0.1821
0.15391
0.12771
0.10403
0.083331
0.06607
0.052636
0.043359
0.038499
0.038238
0.042671
0.051805
0.065549
0.083716
0.10602
0.13209
0.16146
0.19357
0.22778
0.26342
0.29972
0.33589
0.37111
0.40455
0.43537
0.46278
0.48599
0.50428
0.51702
0.52362
0.52361
0.51665
0.50248
0.48099
0.45219
0.41625
0.37344
0.3242
0.26906
0.20871
0.14393
0.075603
0.0046944
-0.067757
-0.14067
-0.21291
-0.28337
-0.35093
-0.41449
-0.47303
-0.52558
-0.57126
-0.60931
-0.63909
-0.66009
-0.67194
-0.67444
-0.66755
-0.65138
-0.62621
-0.59247
-0.55075
-0.50177
-0.4464
-0.3856
-0.32044
-0.25206
-0.18168
-0.11053
-0.039862
0.029067
0.095041
0.15689
0.21352
0.26393
0.30721
0.3426
0.36945
0.38728
0.39574
0.39466
0.38402
0.36396
0.33478
0.29691
0.25095
0.19761
0.13769
0.072133
0.001926
-0.07187
-0.14815
-0.2258
-0.3037
-0.38072
-0.45581
-0.52795
-0.59618
-0.65964
-0.71756
-0.76928
-0.81425
-0.85205
-0.88236
-0.90502
-0.91997
-0.92727
-0.9271
-0.91976
-0.90561
-0.88514
-0.85889
-0.82746
-0.79151
-0.75174
-0.70884
-0.66355
-0.61657
-0.56861
-0.52031
-0.47232
-0.4252
-0.37948
-0.33562
-0.29402
-0.25499
-0.21879
-0.18561
-0.15556
-0.12869
-0.105
-0.084403
-0.066795
-0.052006
-0.039837
-0.030053
-0.022399
-0.016601
-0.012374
-0.0094312
-0.0074863
-0.00626
-0.0054846