-0.0035977
-0.0032101
-0.0032591
-0.0041917
-0.0064085
-0.010254
-0.016007
-0.023875
-0.033991
-0.046404
-0.061086
-0.077925
-0.096734
-0.11725
-0.13915
-0.16204
-0.18549
-0.20902
-0.23213
-0.25428
-0.27497
-0.29367
-0.30988
-0.32313
-0.33299
-0.33909
-0.34112
-0.3388
-0.33198
-0.32052
-0.30441
-0.28367
-0.25843
-0.22888
-0.19525
-0.15787
-0.11709
-0.073311
-0.026981
0.021441
0.071477
0.12264
0.17447
0.22648
0.27824
0.32933
0.37939
0.42806
0.47507
0.52016
0.56313
0.60384
0.64217
0.67807
0.71149
0.74245
0.77097
0.7971
0.82089
0.84242
0.86173
0.87889
0.89393
0.90686
0.91768
0.92635
0.9328
0.93693
0.93862
0.93772
0.93403
0.92738
0.91753
0.90429
0.88743
0.86675
0.84207
0.81324
0.78013
0.74269
0.70089
0.65479
0.6045
0.55022
0.49221
0.43082
0.36648
0.29968
0.231
0.16107
0.090592
0.020316
-0.048976
-0.11647
-0.18135
-0.24278
-0.29996
-0.35211
-0.39849
-0.43844
-0.47134
-0.49669
-0.51406
-0.52314
-0.52372
-0.51572
-0.49917
-0.47424
-0.44121
-0.40047
-0.35253
-0.298
-0.23759
-0.17207
-0.10229
-0.029154
0.046411
0.12346
0.20103
0.27821
0.35408
0.42782
0.49862
0.56579
0.62872
0.68688
0.73988
0.78742
0.82931
0.8655
0.89603
0.92106
0.94085
0.95575
0.96619
0.97268
0.97577
0.97606
0.97417
0.97072
0.96635
0.96164
0.95717
0.95344
0.95089
0.9499
0.95077
0.95368
0.95876
0.966
0.97535
0.98661
0.99955
1.0138
1.029
1.0446
1.0602
1.0752
1.089
1.1011
1.1109
1.1179
1.1215
1.1214
1.1171
1.1084
1.0949
1.0766
1.0535
1.0254
0.99273
0.95554
0.9142
0.8691
0.82071
0.76957
0.71626
0.6614
0.60563
0.54962
0.49402
0.43946
0.38654
0.33583
0.28783
0.24298
0.20163
0.16409
0.13053
0.10107
0.075722
0.054417
0.036996
0.023223
0.012788
0.0053207
0.00039438
-0.0024577
-0.0037317
-0.00394