-0.96246
1.6699
-1.4711
-1.2475
3.3078
4.0571
-1.8405
-5.3132
1.2932
2.1777
102.0543
0.0067759
0.10016
0.092057
-0.080358
0.030094
0.149
-0.025086
0.082119
0.196
0.023568
0.059908
-0.077492
-0.048453
0.15689
-0.058913
0.045809
0.38923
0.23093
0.32806
-0.024442
-0.29459
-0.17641
0.022358
0.13095
-0.038592
-0.04696
0.26399
0.23056
0.055384
0.091539
0.096253
-0.023103
-1.5657
0.14763
0.15289
0.31339
0.15452
0.18549
-0.13514
-0.32636
0.8524
0.035133
-0.49656
1.9848
0.14019
0.023138
0.29416
0.091671
0.22916
0.12513
0.38958
0.024046
-0.73735
0.05103
-0.0039222