1.5551
1.5555
1.5565
1.5589
1.5632
1.5698
1.5793
1.5919
1.6078
1.6272
1.65
1.676
1.7052
1.7371
1.7712
1.8069
1.8438
1.8809
1.9176
1.9531
1.9864
2.0167
2.0431
2.0649
2.0812
2.0913
2.0945
2.0903
2.0781
2.0576
2.0287
1.9911
1.9449
1.8902
1.8273
1.7567
1.6788
1.5944
1.5042
1.4091
1.31
1.2079
1.104
0.99919
0.89475
0.79176
0.69132
0.59451
0.50235
0.4158
0.33574
0.26295
0.19811
0.14181
0.094491
0.056485
0.027994
0.0090932
-0.00027204
-0.00027858
0.0087769
0.026485
0.052333
0.085711
0.12593
0.17222
0.22375
0.27967
0.33906
0.40099
0.46454
0.52878
0.59279
0.65572
0.71671
0.77497
0.82979
0.8805
0.92651
0.96732
1.0025
1.0317
1.0546
1.0712
1.0812
1.0848
1.082
1.0728
1.0577
1.0369
1.0107
0.9795
0.94389
0.90433
0.86139
0.81565
0.76772
0.71825
0.66787
0.61724
0.567
0.5178
0.47025
0.42497
0.38252
0.34346
0.30828
0.27744
0.25136
0.23039
0.21483
0.20491
0.20079
0.20258
0.2103
0.2239
0.24325
0.26816
0.29836
0.33349
0.37315
0.41683
0.46401
0.51407
0.56636
0.62018
0.67479
0.72943
0.78333
0.83571
0.88579
0.9328
0.97602
1.0148
1.0484
1.0763
1.0979
1.113
1.121
1.1219
1.1154
1.1015
1.0803
1.052
1.017
0.97555
0.92829
0.87582
0.81884
0.75816
0.69465
0.62921
0.56283
0.4965
0.43122
0.368
0.30784
0.25168
0.20042
0.1549
0.11588
0.084006
0.05985
0.043851
0.036331
0.037487
0.047382
0.065951
0.092997
0.1282
0.17111
0.22118
0.27775
0.34007
0.40733
0.47864
0.55306
0.62965
0.70745
0.78549
0.86284
0.93861
1.012
1.0822
1.1485
1.2104
1.2674
1.3192
1.3654
1.406
1.441
1.4705
1.4947
1.514
1.5287
1.5395
1.5468
1.5513
1.5537
1.5548