-0.0045242
-0.0040441
-0.0034545
-0.0026153
-0.0013144
0.00072569
0.0038388
0.0084046
0.014836
0.023567
0.035036
0.049671
0.067877
0.090018
0.1164
0.14728
0.1828
0.22305
0.268
0.31753
0.37139
0.42926
0.49068
0.5551
0.62188
0.69029
0.75953
0.82874
0.897
0.96339
1.027
1.0868
1.1419
1.1915
1.2347
1.2709
1.2994
1.3197
1.3313
1.334
1.3277
1.3123
1.288
1.2551
1.2139
1.165
1.1091
1.047
0.97939
0.90731
0.83175
0.75374
0.67434
0.59464
0.51569
0.43853
0.36414
0.29347
0.22735
0.16658
0.11181
0.063614
0.022463
-0.011299
-0.037436
-0.055822
-0.066442
-0.069382
-0.064821
-0.053027
-0.034344
-0.009178
0.022009
0.058715
0.10041
0.14654
0.19656
0.24991
0.30606
0.36448
0.42469
0.48622
0.54866
0.6116
0.67471
0.73766
0.80016
0.86195
0.92279
0.98246
1.0407
1.0974
1.1523
1.2052
1.2557
1.3038
1.349
1.3911
1.4297
1.4646
1.4952
1.5212
1.5422
1.5577
1.5674
1.5708
1.5676
1.5573
1.5397
1.5146
1.4817
1.441
1.3924
1.3361
1.2722
1.2011
1.1231
1.0388
0.94894
0.85417
0.7554
0.65358
0.54978
0.4451
0.34073
0.23788
0.13778
0.041661
-0.049264
-0.13383
-0.21093
-0.27954
-0.33875
-0.38775
-0.42589
-0.45265
-0.46769
-0.47083
-0.46206
-0.44157
-0.40969
-0.36697
-0.31408
-0.25187
-0.18133
-0.10357
-0.019803
0.068667
0.16048
0.25423
0.3485
0.44188
0.533
0.62055
0.70328
0.78006
0.84987
0.91182
0.96519
1.0094
1.044
1.0688
1.0837
1.0887
1.0842
1.0706
1.0483
1.018
0.98056
0.93676
0.88753
0.83387
0.77677
0.71723
0.65626
0.59481
0.53379
0.47404
0.41633
0.36133
0.30959
0.26157
0.21762
0.17797
0.14274
0.11194
0.085481
0.0632
0.04484
0.030085
0.018569
0.0098902
0.003629
-0.00063908
-0.0033264
-0.0048192
-0.0054643
-0.0055576
-0.0053338
-0.0049588