0.005639
0.0049541
0.0044294
0.0041282
0.0041082
0.0044194
0.0051017
0.0061836
0.0076806
0.0095946
0.011913
0.014608
0.01764
0.020954
0.024483
0.028151
0.031873
0.035558
0.039112
0.042439
0.045447
0.048046
0.050157
0.05171
0.052647
0.052924
0.052517
0.051418
0.049637
0.047205
0.044172
0.040607
0.036595
0.032238
0.027654
0.022968
0.018318
0.013844
0.0096898
0.0059965
0.0029005
0.00052923
-0.0010023
-0.0015944
-0.0011662
0.00034236
0.002968
0.0067229
0.011593
0.017539
0.024493
0.032366
0.041041
0.050381
0.060231
0.070418
0.080757
0.091055
0.10111
0.11074
0.11973
0.1279
0.13509
0.14114
0.14591
0.1493
0.15122
0.15163
0.1505
0.14784
0.14369
0.13814
0.13128
0.12325
0.11422
0.10435
0.093863
0.082968
0.071891
0.060868
0.050129
0.039904
0.030411
0.021854
0.014418
0.0082638
0.0035262
0.00030945
-0.0013145
-0.001308
0.00033138
0.0035706
0.008342
0.014544
0.022045
0.030683
0.040272
0.050606
0.06146
0.0726
0.083785
0.09477
0.10532
0.1152
0.1242
0.13213
0.13881
0.1441
0.14788
0.15008
0.15064
0.14956
0.14686
0.1426
0.13688
0.12982
0.12158
0.11233
0.10229
0.091663
0.080687
0.069598
0.058635
0.048035
0.038024
0.028815
0.020605
0.013567
0.0078467
0.0035633
0.00080294
-0.0003807
3.1866e-05
0.0020259
0.0055532
0.010533
0.016855
0.02438
0.032946
0.042369
0.05245
0.062978
0.073732
0.084492
0.095038
0.10516
0.11465
0.12334
0.13105
0.13763
0.14298
0.14699
0.14962
0.15081
0.15057
0.14893
0.14593
0.14165
0.1362
0.12969
0.12227
0.11408
0.10528
0.096057
0.086566
0.076979
0.06746
0.058162
0.049227
0.040781
0.032934
0.025776
0.019377
0.013787
0.0090316
0.0051189
0.002035
-0.00025241
-0.0017924
-0.002649
-0.0028982
-0.0026258
-0.001924
-0.00088887
0.00038308
0.0017974
0.0032646
0.0047028
0.0060395
0.0072138
0.0081778
0.0088975
0.0093535
0.0095409
0.0094691
0.0091609
0.0086517
0.0079871
0.0072219
0.0064174