-451.7913
0
0
0
0
0
0
0
0
0
-0.043457
0.67309
-0.013864
450
2.3843e-05
-0.32916
0
48.7553
2.5582e-07
48.7553
48.7589
48.7553
-23156.2119
0
4864.3576
960.2345
0.45
0.2512
-24.7887
0
-56138.1085
-2617.0531
-43.8515
279.3464
-10195.8041
-54547.8589
0
708.8606
85.6509
0.45
-504.2691
0.05224
0
56655.2271
114351.2228
112187.7673
114441.1434
113434.6266
59816.4657
-3888.1264
2896.6673
1382.2015
0.45
0.0036657
111.8192
0
-1160.2083
-198.2378
5948.3282
5626.4055
5650.7425
-485.0041
398.2143
236.9285
177.5729
0.45
0.022185
0.18243
0
9.0703
-1.9499
-151.8689
0.013376
-51.5897
-202.749
5.1295
369.2784
118.4262