-451.7913
0
0
0
0
0
0
0
0
0
-0.043457
0.67309
-0.013864
450
0.010729
-148.1212
0
0
0
0
0
0
-23204.9672
0
4864.3576
960.2345
0.45
0.11304
-11.1549
0
-56414.6243
-2617.0815
-320.3957
0
-10472.3484
-54824.4031
0
708.8606
85.6509
0.45
-226.9211
0.023508
0
56655.2259
-78.065
-2241.5217
0
-994.6625
-54612.8234
-3888.1264
2896.6673
1382.2015
0.45
0.0016496
50.3186
0
-6786.7982
-198.2378
321.7382
0
24.1525
-6111.5941
398.2143
236.9285
177.5729
0.45
0.0099834
0.082093
0
9.0554
-1.9501
-151.8841
0
-51.6049
-202.7642
5.1295
369.2784
118.4262