0.0000 	0.0000 	0.0000 	-1.5708 	1.5708 	0.0000 
0.0000 	0.0000 	0.0000 	-1.5708 	1.5709 	0.0000 
0.0000 	0.0000 	0.0000 	-1.5708 	1.5709 	0.0000 
0.0000 	-0.0001 	0.0002 	-1.5706 	1.5712 	0.0000 
0.0000 	-0.0003 	0.0002 	-1.5703 	1.5717 	0.0000 
0.0000 	-0.0005 	0.0005 	-1.5698 	1.5724 	0.0000 
0.0000 	-0.0009 	0.0009 	-1.5691 	1.5739 	0.0000 
0.0000 	-0.0015 	0.0014 	-1.5684 	1.5756 	0.0000 
0.0000 	-0.0022 	0.0024 	-1.5675 	1.5766 	0.0000 
0.0000 	-0.0028 	0.0048 	-1.5657 	1.5800 	0.0000 
0.0000 	-0.0035 	0.0069 	-1.5641 	1.5828 	0.0000 
0.0000 	-0.0045 	0.0101 	-1.5615 	1.5874 	0.0000 
0.0000 	-0.0056 	0.0141 	-1.5587 	1.5936 	0.0000 
0.0000 	-0.0071 	0.0182 	-1.5552 	1.5989 	0.0000 
0.0000 	-0.0087 	0.0232 	-1.5509 	1.6055 	0.0000 
0.0000 	-0.0114 	0.0279 	-1.5464 	1.6146 	0.0000 
0.0000 	-0.0141 	0.0336 	-1.5413 	1.6245 	-0.0001 
0.0000 	-0.0166 	0.0392 	-1.5350 	1.6344 	-0.0514 
0.0000 	-0.0202 	0.0462 	-1.5282 	1.6466 	-0.0609 
0.0010 	-0.0237 	0.0554 	-1.5210 	1.6596 	-0.0698 
0.0010 	-0.0280 	0.0631 	-1.5134 	1.6729 	-0.0806 
0.0010 	-0.0323 	0.0716 	-1.5046 	1.6885 	-0.0924 
0.0010 	-0.0375 	0.0812 	-1.4949 	1.7043 	-0.1044 
0.0010 	-0.0427 	0.0919 	-1.4844 	1.7221 	-0.1187 
0.0010 	-0.0489 	0.1022 	-1.4731 	1.7403 	-0.1341 
0.0010 	-0.0550 	0.1133 	-1.4608 	1.7594 	-0.1497 
0.0020 	-0.0619 	0.1249 	-1.4478 	1.7792 	-0.1664 
0.0050 	-0.0697 	0.1366 	-1.4338 	1.8004 	-0.1850 
0.0090 	-0.0776 	0.1486 	-1.4199 	1.8220 	-0.2048 
0.0160 	-0.0863 	0.1615 	-1.4050 	1.8446 	-0.2251 
0.0250 	-0.0950 	0.1728 	-1.3894 	1.8677 	-0.2460 
0.0370 	-0.1044 	0.1862 	-1.3729 	1.8920 	-0.2676 
0.0490 	-0.1140 	0.1991 	-1.3563 	1.9169 	-0.2903 
0.0620 	-0.1237 	0.2123 	-1.3388 	1.9422 	-0.3144 
0.0750 	-0.1341 	0.2243 	-1.3205 	1.9670 	-0.3381 
0.0870 	-0.1445 	0.2364 	-1.3022 	1.9925 	-0.3639 
0.1010 	-0.1558 	0.2481 	-1.2831 	2.0175 	-0.3902 
0.1160 	-0.1671 	0.2600 	-1.2639 	2.0429 	-0.4176 
0.1310 	-0.1784 	0.2709 	-1.2439 	2.0671 	-0.4451 
0.1460 	-0.1906 	0.2808 	-1.2239 	2.0914 	-0.4731 
0.1610 	-0.2028 	0.2910 	-1.2039 	2.1151 	-0.5023 
0.1790 	-0.2150 	0.3002 	-1.1839 	2.1387 	-0.5326 
0.1960 	-0.2271 	0.3085 	-1.1640 	2.1614 	-0.5628 
0.2140 	-0.2393 	0.3167 	-1.1441 	2.1819 	-0.5935 
0.2330 	-0.2514 	0.3240 	-1.1239 	2.2020 	-0.6242 
0.2530 	-0.2636 	0.3293 	-1.1039 	2.2214 	-0.6550 
0.2720 	-0.2767 	0.3328 	-1.0839 	2.2388 	-0.6864 
0.2910 	-0.2888 	0.3355 	-1.0638 	2.2550 	-0.7175 
0.3110 	-0.3010 	0.3369 	-1.0447 	2.2701 	-0.7485 
0.3300 	-0.3131 	0.3385 	-1.0256 	2.2831 	-0.7782 
0.3500 	-0.3253 	0.3394 	-1.0072 	2.2944 	-0.8081 
0.3700 	-0.3376 	0.3400 	-0.9889 	2.3050 	-0.8380 
0.3890 	-0.3497 	0.3414 	-0.9714 	2.3112 	-0.8671 
0.4100 	-0.3611 	0.3452 	-0.9549 	2.3161 	-0.8947 
0.4320 	-0.3723 	0.3482 	-0.9393 	2.3192 	-0.9221 
0.4530 	-0.3837 	0.3447 	-0.9237 	2.3198 	-0.9498 
0.4740 	-0.3941 	0.3369 	-0.9089 	2.3209 	-0.9756 
0.4940 	-0.4045 	0.3262 	-0.8950 	2.3241 	-0.9999 
0.5150 	-0.4141 	0.3154 	-0.8819 	2.3291 	-1.0226 
0.5340 	-0.4237 	0.3039 	-0.8698 	2.3245 	-1.0457 
0.5540 	-0.4324 	0.2922 	-0.8593 	2.3153 	-1.0671 
0.5730 	-0.4402 	0.2783 	-0.8497 	2.3036 	-1.0870 
0.5910 	-0.4481 	0.2628 	-0.8411 	2.2887 	-1.1041 
0.6080 	-0.4549 	0.2465 	-0.8332 	2.2713 	-1.1206 
0.6260 	-0.4620 	0.2293 	-0.8262 	2.2518 	-1.1356 
0.6420 	-0.4682 	0.2116 	-0.8203 	2.2319 	-1.1496 
0.6580 	-0.4735 	0.1925 	-0.8160 	2.2085 	-1.1621 
0.6710 	-0.4778 	0.1726 	-0.8123 	2.1826 	-1.1720 
0.6820 	-0.4823 	0.1519 	-0.8099 	2.1554 	-1.1780 
0.6950 	-0.4857 	0.1307 	-0.8083 	2.1265 	-1.1828 
0.7110 	-0.4881 	0.1100 	-0.8074 	2.0965 	-1.1868 
0.7240 	-0.4901 	0.0885 	-0.8066 	2.0649 	-1.1883 
0.7350 	-0.4917 	0.0663 	-0.8058 	2.0315 	-1.1890 
0.7440 	-0.4924 	0.0445 	-0.8039 	1.9974 	-1.1915 
0.7520 	-0.4932 	0.0224 	-0.8011 	1.9625 	-1.1952 
0.7590 	-0.4944 	0.0003 	-0.7976 	1.9269 	-1.2017 
0.7630 	-0.4955 	-0.0204 	-0.7946 	1.8903 	-1.1987 
0.7660 	-0.4961 	-0.0419 	-0.7985 	1.8541 	-1.1917 
0.7670 	-0.4976 	-0.0637 	-0.8043 	1.8164 	-1.1786 
0.7690 	-0.5005 	-0.0851 	-0.8115 	1.7784 	-1.1634 
0.7770 	-0.5032 	-0.1055 	-0.8191 	1.7420 	-1.1452 
0.7780 	-0.5067 	-0.1249 	-0.8272 	1.7056 	-1.1245 
0.7780 	-0.5044 	-0.1437 	-0.8360 	1.6696 	-1.1028 
0.7780 	-0.5003 	-0.1609 	-0.8447 	1.6348 	-1.0782 
0.7780 	-0.4951 	-0.1775 	-0.8543 	1.6009 	-1.0508 
0.7780 	-0.4900 	-0.1941 	-0.8639 	1.5675 	-1.0205 
0.7750 	-0.4838 	-0.2088 	-0.8744 	1.5360 	-0.9887 
0.7710 	-0.4776 	-0.2217 	-0.8850 	1.5065 	-0.9551 
0.7640 	-0.4706 	-0.2338 	-0.8955 	1.4788 	-0.9203 
0.7540 	-0.4638 	-0.2434 	-0.9059 	1.4524 	-0.8828 
0.7370 	-0.4566 	-0.2537 	-0.9164 	1.4281 	-0.8443 
0.7220 	-0.4499 	-0.2616 	-0.9268 	1.4061 	-0.8035 
0.7070 	-0.4418 	-0.2686 	-0.9372 	1.3871 	-0.7616 
0.6920 	-0.4339 	-0.2729 	-0.9478 	1.3707 	-0.7176 
0.6760 	-0.4260 	-0.2761 	-0.9575 	1.3566 	-0.6722 
0.6600 	-0.4181 	-0.2793 	-0.9672 	1.3466 	-0.6260 
0.6450 	-0.4104 	-0.2800 	-0.9760 	1.3387 	-0.5791 
0.6310 	-0.4025 	-0.2809 	-0.9846 	1.3336 	-0.5305 
0.6180 	-0.3946 	-0.2825 	-0.9923 	1.3323 	-0.4811 
0.6060 	-0.3868 	-0.2845 	-1.0002 	1.3320 	-0.4320 
0.5950 	-0.3789 	-0.2882 	-1.0071 	1.3277 	-0.3815 
0.5850 	-0.3720 	-0.2863 	-1.0131 	1.3293 	-0.3290 
0.5780 	-0.3649 	-0.2809 	-1.0193 	1.3404 	-0.2772 
0.5720 	-0.3582 	-0.2719 	-1.0245 	1.3558 	-0.2264 
0.5680 	-0.3511 	-0.2631 	-1.0286 	1.3739 	-0.1745 
0.5620 	-0.3452 	-0.2541 	-1.0323 	1.3955 	-0.1228 
0.5520 	-0.3389 	-0.2445 	-1.0348 	1.4203 	-0.0705 
0.5500 	-0.3338 	-0.2336 	-1.0372 	1.4482 	-0.0199 
0.5510 	-0.3287 	-0.2218 	-1.0388 	1.4798 	0.0292 
0.5610 	-0.3244 	-0.2087 	-1.0396 	1.5147 	0.0791 
0.5740 	-0.3200 	-0.1965 	-1.0408 	1.5522 	0.1282 
0.5940 	-0.3163 	-0.1847 	-1.0417 	1.5934 	0.1758 
0.6200 	-0.3129 	-0.1720 	-1.0425 	1.6370 	0.2229 
0.6530 	-0.3105 	-0.1601 	-1.0435 	1.6833 	0.2693 
0.6890 	-0.3085 	-0.1475 	-1.0454 	1.7319 	0.3142 
0.7330 	-0.3069 	-0.1347 	-1.0475 	1.7826 	0.3568 
0.7800 	-0.3061 	-0.1242 	-1.0449 	1.8355 	0.3987 
0.8350 	-0.3051 	-0.1130 	-1.0418 	1.8905 	0.4379 
0.8960 	-0.3041 	-0.1014 	-1.0374 	1.9474 	0.4750 
0.9640 	-0.3032 	-0.0922 	-1.0320 	2.0057 	0.5108 
1.0370 	-0.3025 	-0.0836 	-1.0269 	2.0647 	0.5441 
1.1180 	-0.3016 	-0.0755 	-1.0215 	2.1247 	0.5755 
1.2000 	-0.2997 	-0.0687 	-1.0154 	2.1860 	0.6033 
1.2880 	-0.2980 	-0.0638 	-1.0093 	2.2480 	0.6294 
1.3800 	-0.3000 	-0.0611 	-1.0033 	2.3095 	0.6533 
1.4700 	-0.3034 	-0.0597 	-0.9962 	2.3712 	0.6747 
1.5490 	-0.3070 	-0.0589 	-0.9891 	2.4335 	0.6923 
1.6300 	-0.3113 	-0.0586 	-0.9822 	2.4951 	0.7087 
1.7090 	-0.3155 	-0.0570 	-0.9752 	2.5559 	0.7212 
1.7910 	-0.3208 	-0.0552 	-0.9692 	2.6163 	0.7313 
1.9160 	-0.3262 	-0.0589 	-0.9628 	2.6749 	0.7388 
2.0530 	-0.3322 	-0.0666 	-0.9570 	2.7321 	0.7443 
2.1920 	-0.3382 	-0.0768 	-0.9508 	2.7876 	0.7460 
2.3280 	-0.3453 	-0.0887 	-0.9456 	2.8419 	0.7461 
2.4560 	-0.3524 	-0.1025 	-0.9404 	2.8934 	0.7484 
2.5990 	-0.3593 	-0.1180 	-0.9364 	2.9429 	0.7536 
2.7650 	-0.3663 	-0.1357 	-0.9329 	2.9901 	0.7609 
2.9300 	-0.3742 	-0.1560 	-0.9301 	3.0346 	0.7573 
3.0980 	-0.3820 	-0.1782 	-0.9275 	3.0755 	0.7479 
3.2690 	-0.3900 	-0.2021 	-0.9259 	3.1140 	0.7352 
3.4230 	-0.3979 	-0.2277 	-0.9248 	3.1492 	0.7172 
3.5890 	-0.4057 	-0.2551 	-0.9240 	3.1805 	0.6971 
3.7740 	-0.4136 	-0.2846 	-0.9234 	3.2086 	0.6749 
3.9600 	-0.4216 	-0.3150 	-0.9226 	3.2330 	0.6498 
4.1440 	-0.4294 	-0.3469 	-0.9205 	3.2543 	0.6228 
4.3260 	-0.4374 	-0.3800 	-0.9221 	3.2705 	0.5939 
4.4880 	-0.4444 	-0.4143 	-0.9263 	3.2839 	0.5638 
4.6690 	-0.4513 	-0.4508 	-0.9314 	3.2933 	0.5319 
4.8640 	-0.4582 	-0.4878 	-0.9377 	3.2979 	0.4999 
5.0510 	-0.4653 	-0.5252 	-0.9457 	3.2998 	0.4657 
5.2360 	-0.4715 	-0.5631 	-0.9546 	3.3013 	0.4310 
5.4100 	-0.4776 	-0.6019 	-0.9642 	3.3069 	0.3962 
5.5740 	-0.4830 	-0.6401 	-0.9747 	3.3039 	0.3594 
5.7640 	-0.4881 	-0.6798 	-0.9870 	3.2906 	0.3221 
5.9420 	-0.4926 	-0.7197 	-1.0002 	3.2741 	0.2856 
6.1150 	-0.4969 	-0.7584 	-1.0142 	3.2536 	0.2485 
6.2830 	-0.5006 	-0.7962 	-1.0290 	3.2295 	0.2117 
6.4320 	-0.5032 	-0.8339 	-1.0449 	3.2027 	0.1745 
6.5780 	-0.5058 	-0.8709 	-1.0625 	3.1719 	0.1379 
6.7380 	-0.5075 	-0.9069 	-1.0810 	3.1381 	0.1020 
6.8900 	-0.5086 	-0.9413 	-1.1000 	3.1013 	0.0657 
7.0330 	-0.5094 	-0.9752 	-1.1202 	3.0615 	0.0308 
7.1680 	-0.5102 	-1.0075 	-1.1412 	3.0200 	-0.0031 
7.2940 	-0.5110 	-1.0381 	-1.1631 	2.9753 	-0.0358 
7.4020 	-0.5121 	-1.0667 	-1.1851 	2.9289 	-0.0672 
7.5100 	-0.5139 	-1.0937 	-1.2079 	2.8795 	-0.0974 
7.6140 	-0.5166 	-1.1191 	-1.2317 	2.8285 	-0.1253 
7.7190 	-0.5135 	-1.1413 	-1.2554 	2.7761 	-0.1517 
7.8140 	-0.5094 	-1.1617 	-1.2800 	2.7225 	-0.1751 
7.8970 	-0.5043 	-1.1802 	-1.3046 	2.6670 	-0.1984 
7.9720 	-0.4991 	-1.1955 	-1.3301 	2.6108 	-0.2187 
8.0360 	-0.4929 	-1.2092 	-1.3555 	2.5543 	-0.2368 
8.0920 	-0.4858 	-1.2187 	-1.3808 	2.4974 	-0.2522 
8.1390 	-0.4780 	-1.2253 	-1.4062 	2.4402 	-0.2653 
8.1760 	-0.4692 	-1.2309 	-1.4314 	2.3834 	-0.2766 
8.2030 	-0.4596 	-1.2338 	-1.4567 	2.3270 	-0.2844 
8.2230 	-0.4491 	-1.2357 	-1.4819 	2.2701 	-0.2900 
8.2350 	-0.4378 	-1.2367 	-1.5070 	2.2146 	-0.2927 
8.2400 	-0.4257 	-1.2385 	-1.5321 	2.1594 	-0.2946 
8.2520 	-0.4125 	-1.2407 	-1.5573 	2.1048 	-0.2985 
8.2700 	-0.3986 	-1.2335 	-1.5816 	2.0510 	-0.3041 
8.2970 	-0.3847 	-1.2197 	-1.6059 	1.9996 	-0.3027 
8.3340 	-0.3700 	-1.2030 	-1.6293 	1.9497 	-0.2978 
8.3420 	-0.3545 	-1.1838 	-1.6517 	1.9010 	-0.2860 
8.3060 	-0.3381 	-1.1642 	-1.6743 	1.8529 	-0.2701 
8.2540 	-0.3208 	-1.1418 	-1.6959 	1.8074 	-0.2511 
8.1800 	-0.3033 	-1.1164 	-1.7167 	1.7641 	-0.2288 
8.0990 	-0.2850 	-1.0889 	-1.7366 	1.7223 	-0.2035 
8.0050 	-0.2660 	-1.0599 	-1.7556 	1.6829 	-0.1754 
7.9060 	-0.2461 	-1.0294 	-1.7738 	1.6458 	-0.1455 
7.8240 	-0.2261 	-0.9973 	-1.7911 	1.6101 	-0.1131 
7.7460 	-0.2052 	-0.9634 	-1.8075 	1.5774 	-0.0792 
7.6660 	-0.1844 	-0.9283 	-1.8230 	1.5471 	-0.0413 
7.5870 	-0.1628 	-0.8909 	-1.8376 	1.5190 	-0.0050 
7.4560 	-0.1403 	-0.8533 	-1.8513 	1.4931 	0.0358 
7.3270 	-0.1177 	-0.8171 	-1.8643 	1.4698 	0.0790 
7.1920 	-0.0942 	-0.7793 	-1.8757 	1.4483 	0.1242 
7.0460 	-0.0709 	-0.7403 	-1.8859 	1.4293 	0.1698 
6.9050 	-0.0476 	-0.7007 	-1.8953 	1.4123 	0.2162 
6.7420 	-0.0234 	-0.6621 	-1.9039 	1.3977 	0.2639 
6.5800 	0.0011 	-0.6238 	-1.9108 	1.3846 	0.3141 
6.4240 	0.0254 	-0.5857 	-1.9169 	1.3738 	0.3641 
6.2640 	0.0505 	-0.5479 	-1.9219 	1.3651 	0.4149 
6.1030 	0.0756 	-0.5108 	-1.9262 	1.3587 	0.4657 
5.9440 	0.1008 	-0.4755 	-1.9296 	1.3531 	0.5169 
5.7650 	0.1260 	-0.4414 	-1.9315 	1.3503 	0.5686 
5.5860 	0.1512 	-0.4086 	-1.9321 	1.3478 	0.6195 
5.4150 	0.1762 	-0.3770 	-1.9327 	1.3467 	0.6700 
5.2490 	0.2014 	-0.3478 	-1.9334 	1.3462 	0.7194 
5.0820 	0.2266 	-0.3205 	-1.9346 	1.3457 	0.7688 
4.9170 	0.2517 	-0.2953 	-1.9365 	1.3436 	0.8176 
4.7320 	0.2769 	-0.2723 	-1.9400 	1.3410 	0.8647 
4.5580 	0.3022 	-0.2512 	-1.9442 	1.3377 	0.9117 
4.3890 	0.3276 	-0.2325 	-1.9453 	1.3334 	0.9568 
4.2320 	0.3528 	-0.2176 	-1.9405 	1.3321 	0.9999 
4.0750 	0.3771 	-0.2034 	-1.9349 	1.3351 	1.0412 
3.9200 	0.4015 	-0.1928 	-1.9276 	1.3396 	1.0802 
3.7540 	0.4258 	-0.1857 	-1.9199 	1.3444 	1.1167 
3.6060 	0.4502 	-0.1806 	-1.9113 	1.3491 	1.1508 
3.4570 	0.4737 	-0.1792 	-1.9015 	1.3532 	1.1825 
3.3250 	0.4971 	-0.1772 	-1.8911 	1.3573 	1.2121 
3.1960 	0.5197 	-0.1742 	-1.8806 	1.3612 	1.2387 
3.0660 	0.5423 	-0.1763 	-1.8693 	1.3650 	1.2618 
2.9460 	0.5639 	-0.1834 	-1.8571 	1.3673 	1.2812 
2.8230 	0.5856 	-0.1954 	-1.8448 	1.3696 	1.2988 
2.7020 	0.6066 	-0.2094 	-1.8318 	1.3706 	1.3144 
2.5900 	0.6266 	-0.2265 	-1.8178 	1.3711 	1.3264 
2.4860 	0.6466 	-0.2450 	-1.8036 	1.3723 	1.3354 
2.3940 	0.6658 	-0.2670 	-1.7887 	1.3739 	1.3399 
2.3040 	0.6841 	-0.2905 	-1.7740 	1.3745 	1.3420 
2.2260 	0.7023 	-0.3163 	-1.7583 	1.3738 	1.3426 
2.1460 	0.7196 	-0.3443 	-1.7426 	1.3701 	1.3446 
2.0780 	0.7361 	-0.3741 	-1.7270 	1.3659 	1.3497 
2.0140 	0.7519 	-0.4053 	-1.7104 	1.3607 	1.3586 
1.9560 	0.7666 	-0.4380 	-1.6937 	1.3545 	1.3631 
1.9000 	0.7804 	-0.4726 	-1.6764 	1.3479 	1.3554 
1.8500 	0.7934 	-0.5086 	-1.6589 	1.3398 	1.3410 
1.8050 	0.8056 	-0.5456 	-1.6415 	1.3305 	1.3232 
1.7650 	0.8179 	-0.5832 	-1.6233 	1.3214 	1.3009 
1.7290 	0.8291 	-0.6218 	-1.6049 	1.3108 	1.2752 
1.7020 	0.8397 	-0.6604 	-1.5866 	1.2996 	1.2482 
1.6780 	0.8493 	-0.7003 	-1.5681 	1.2888 	1.2204 
1.6610 	0.8580 	-0.7399 	-1.5490 	1.2757 	1.1908 
1.6450 	0.8658 	-0.7782 	-1.5297 	1.2634 	1.1564 
1.6340 	0.8719 	-0.8166 	-1.5105 	1.2508 	1.1164 
1.6260 	0.8772 	-0.8546 	-1.4912 	1.2371 	1.0751 
1.6220 	0.8817 	-0.8917 	-1.4718 	1.2240 	1.0328 
1.6150 	0.8850 	-0.9275 	-1.4515 	1.2105 	0.9917 
1.6030 	0.8876 	-0.9627 	-1.4314 	1.1972 	0.9489 
1.5900 	0.8893 	-0.9960 	-1.4113 	1.1838 	0.9037 
1.5760 	0.8903 	-1.0276 	-1.3911 	1.1710 	0.8570 
1.5580 	0.8913 	-1.0579 	-1.3709 	1.1579 	0.8103 
1.5390 	0.8919 	-1.0862 	-1.3507 	1.1451 	0.7647 
1.5150 	0.8927 	-1.1127 	-1.3306 	1.1325 	0.7183 
1.4910 	0.8946 	-1.1367 	-1.3103 	1.1215 	0.6696 
1.4940 	0.8972 	-1.1585 	-1.2902 	1.1107 	0.6220 
1.5020 	0.9009 	-1.1779 	-1.2703 	1.1009 	0.5750 
1.5280 	0.9053 	-1.1946 	-1.2500 	1.0923 	0.5278 
1.5540 	0.9105 	-1.2099 	-1.2298 	1.0844 	0.4818 
1.5870 	0.9081 	-1.2228 	-1.2098 	1.0766 	0.4369 
1.6180 	0.9012 	-1.2326 	-1.1897 	1.0703 	0.3926 
1.6480 	0.8933 	-1.2384 	-1.1696 	1.0664 	0.3502 
1.6780 	0.8845 	-1.2411 	-1.1495 	1.0637 	0.3092 
1.7130 	0.8757 	-1.2413 	-1.1294 	1.0605 	0.2701 
1.7460 	0.8661 	-1.2422 	-1.1093 	1.0596 	0.2328 
1.7760 	0.8556 	-1.2457 	-1.0899 	1.0578 	0.1961 
1.8070 	0.8441 	-1.2487 	-1.0706 	1.0569 	0.1604 
1.8390 	0.8328 	-1.2426 	-1.0516 	1.0554 	0.1297 
1.8660 	0.8207 	-1.2337 	-1.0333 	1.0548 	0.1011 
1.8920 	0.8076 	-1.2185 	-1.0150 	1.0578 	0.0742 
1.9180 	0.7945 	-1.2013 	-0.9966 	1.0637 	0.0490 
1.9440 	0.7805 	-1.1809 	-0.9792 	1.0715 	0.0264 
1.9680 	0.7666 	-1.1593 	-0.9617 	1.0796 	0.0067 
1.9890 	0.7517 	-1.1357 	-0.9452 	1.0902 	-0.0101 
2.0080 	0.7369 	-1.1093 	-0.9297 	1.1011 	-0.0237 
2.0250 	0.7212 	-1.0812 	-0.9139 	1.1129 	-0.0349 
2.0410 	0.7054 	-1.0506 	-0.8992 	1.1270 	-0.0437 
2.0560 	0.6897 	-1.0193 	-0.8850 	1.1402 	-0.0489 
2.0680 	0.6741 	-0.9858 	-0.8720 	1.1556 	-0.0509 
2.0800 	0.6575 	-0.9522 	-0.8599 	1.1703 	-0.0511 
2.0890 	0.6411 	-0.9168 	-0.8486 	1.1878 	-0.0534 
2.0980 	0.6244 	-0.8803 	-0.8382 	1.2048 	-0.0584 
2.1020 	0.6079 	-0.8426 	-0.8286 	1.2232 	-0.0616 
2.1050 	0.5916 	-0.8050 	-0.8200 	1.2412 	-0.0545 
2.1090 	0.5750 	-0.7667 	-0.8122 	1.2600 	-0.0433 
2.1170 	0.5585 	-0.7291 	-0.8054 	1.2787 	-0.0280 
2.1170 	0.5428 	-0.6908 	-0.7992 	1.2981 	-0.0095 
2.1160 	0.5273 	-0.6521 	-0.7941 	1.3175 	0.0113 
2.1120 	0.5116 	-0.6139 	-0.7905 	1.3363 	0.0353 
2.1070 	0.4960 	-0.5763 	-0.7879 	1.3549 	0.0601 
2.0960 	0.4804 	-0.5392 	-0.7864 	1.3731 	0.0883 
2.0760 	0.4657 	-0.5030 	-0.7855 	1.3905 	0.1192 
2.0580 	0.4510 	-0.4677 	-0.7846 	1.4083 	0.1514 
2.0370 	0.4371 	-0.4328 	-0.7838 	1.4247 	0.1845 
2.0170 	0.4233 	-0.3999 	-0.7811 	1.4402 	0.2197 
1.9950 	0.4094 	-0.3682 	-0.7775 	1.4549 	0.2568 
1.9710 	0.3963 	-0.3370 	-0.7724 	1.4688 	0.2943 
1.9450 	0.3832 	-0.3069 	-0.7684 	1.4829 	0.3325 
1.9160 	0.3710 	-0.2790 	-0.7754 	1.4954 	0.3702 
1.8870 	0.3598 	-0.2534 	-0.7840 	1.5050 	0.4104 
1.8580 	0.3487 	-0.2299 	-0.7937 	1.5144 	0.4543 
1.8270 	0.3383 	-0.2080 	-0.8050 	1.5219 	0.4953 
1.7920 	0.3278 	-0.1874 	-0.8171 	1.5291 	0.5361 
1.7580 	0.3183 	-0.1678 	-0.8302 	1.5343 	0.5769 
1.7240 	0.3088 	-0.1520 	-0.8451 	1.5385 	0.6188 
1.6890 	0.3002 	-0.1374 	-0.8609 	1.5402 	0.6606 
1.6520 	0.2925 	-0.1246 	-0.8773 	1.5426 	0.7007 
1.6170 	0.2845 	-0.1147 	-0.8947 	1.5430 	0.7402 
1.5810 	0.2776 	-0.1055 	-0.9128 	1.5438 	0.7795 
1.5460 	0.2708 	-0.0993 	-0.9318 	1.5479 	0.8186 
1.5080 	0.2647 	-0.0954 	-0.9519 	1.5516 	0.8564 
1.4740 	0.2594 	-0.0922 	-0.9727 	1.5472 	0.8932 
1.4390 	0.2542 	-0.0919 	-0.9944 	1.5404 	0.9287 
1.4020 	0.2500 	-0.0917 	-1.0170 	1.5317 	0.9632 
1.3650 	0.2458 	-0.0905 	-1.0403 	1.5220 	0.9959 
1.3280 	0.2421 	-0.0867 	-1.0639 	1.5109 	1.0271 
1.2940 	0.2387 	-0.0808 	-1.0883 	1.4982 	1.0574 
1.2580 	0.2361 	-0.0779 	-1.1126 	1.4857 	1.0861 
1.2220 	0.2333 	-0.0835 	-1.1377 	1.4714 	1.1123 
1.1870 	0.2307 	-0.0937 	-1.1629 	1.4557 	1.1364 
1.1510 	0.2288 	-0.1051 	-1.1883 	1.4386 	1.1589 
1.1130 	0.2272 	-0.1163 	-1.2136 	1.4220 	1.1783 
1.0780 	0.2253 	-0.1282 	-1.2398 	1.4047 	1.1962 
1.0430 	0.2246 	-0.1413 	-1.2652 	1.3864 	1.2119 
1.0050 	0.2236 	-0.1555 	-1.2905 	1.3682 	1.2256 
0.9710 	0.2227 	-0.1699 	-1.3159 	1.3491 	1.2367 
0.9380 	0.2217 	-0.1852 	-1.3413 	1.3293 	1.2462 
0.9040 	0.2207 	-0.2019 	-1.3659 	1.3104 	1.2530 
0.8700 	0.2199 	-0.2170 	-1.3902 	1.2911 	1.2565 
0.8400 	0.2190 	-0.2330 	-1.4137 	1.2716 	1.2590 
0.8110 	0.2180 	-0.2483 	-1.4371 	1.2538 	1.2604 
0.7790 	0.2169 	-0.2646 	-1.4597 	1.2354 	1.2624 
0.7470 	0.2161 	-0.2791 	-1.4813 	1.2184 	1.2652 
0.7190 	0.2154 	-0.2941 	-1.5030 	1.2006 	1.2714 
0.6930 	0.2145 	-0.3078 	-1.5238 	1.1841 	1.2739 
0.6630 	0.2135 	-0.3221 	-1.5437 	1.1685 	1.2694 
0.6350 	0.2124 	-0.3351 	-1.5628 	1.1541 	1.2596 
0.6070 	0.2116 	-0.3472 	-1.5812 	1.1400 	1.2467 
0.5810 	0.2109 	-0.3589 	-1.5986 	1.1265 	1.2319 
0.5560 	0.2102 	-0.3689 	-1.6152 	1.1157 	1.2144 
0.5300 	0.2090 	-0.3786 	-1.6299 	1.1045 	1.1960 
0.5060 	0.2078 	-0.3868 	-1.6440 	1.0958 	1.1754 
0.4820 	0.2071 	-0.3938 	-1.6570 	1.0882 	1.1522 
0.4600 	0.2063 	-0.3999 	-1.6691 	1.0808 	1.1276 
0.4400 	0.2046 	-0.4040 	-1.6804 	1.0750 	1.1021 
0.4180 	0.2026 	-0.4065 	-1.6899 	1.0715 	1.0726 
0.3990 	0.2011 	-0.4092 	-1.6985 	1.0697 	1.0450 
0.3800 	0.1992 	-0.4104 	-1.7063 	1.0693 	1.0167 
0.3630 	0.1967 	-0.4127 	-1.7132 	1.0681 	0.9875 
0.3460 	0.1938 	-0.4138 	-1.7185 	1.0667 	0.9560 
0.3300 	0.1913 	-0.4149 	-1.7227 	1.0648 	0.9246 
0.3150 	0.1887 	-0.4182 	-1.7260 	1.0608 	0.8924 
0.2980 	0.1852 	-0.4163 	-1.7288 	1.0626 	0.8615 
0.2820 	0.1817 	-0.4113 	-1.7307 	1.0687 	0.8284 
0.2670 	0.1783 	-0.4035 	-1.7314 	1.0756 	0.7948 
0.2520 	0.1749 	-0.3953 	-1.7321 	1.0847 	0.7610 
0.2380 	0.1714 	-0.3872 	-1.7329 	1.0954 	0.7279 
0.2240 	0.1670 	-0.3778 	-1.7338 	1.1059 	0.6948 
0.2100 	0.1627 	-0.3669 	-1.7355 	1.1184 	0.6614 
0.1970 	0.1583 	-0.3564 	-1.7380 	1.1320 	0.6279 
0.1820 	0.1540 	-0.3444 	-1.7417 	1.1456 	0.5953 
0.1690 	0.1496 	-0.3322 	-1.7451 	1.1604 	0.5627 
0.1560 	0.1454 	-0.3203 	-1.7419 	1.1752 	0.5322 
0.1430 	0.1410 	-0.3074 	-1.7369 	1.1910 	0.5020 
0.1310 	0.1366 	-0.2924 	-1.7314 	1.2080 	0.4709 
0.1200 	0.1323 	-0.2783 	-1.7254 	1.2249 	0.4406 
0.1080 	0.1280 	-0.2642 	-1.7191 	1.2416 	0.4129 
0.0970 	0.1236 	-0.2510 	-1.7132 	1.2596 	0.3852 
0.0880 	0.1193 	-0.2366 	-1.7060 	1.2763 	0.3590 
0.0780 	0.1149 	-0.2231 	-1.6991 	1.2943 	0.3330 
0.0680 	0.1105 	-0.2087 	-1.6921 	1.3110 	0.3087 
0.0580 	0.1062 	-0.1947 	-1.6851 	1.3291 	0.2859 
0.0480 	0.1018 	-0.1811 	-1.6782 	1.3447 	0.2638 
0.0390 	0.0975 	-0.1682 	-1.6711 	1.3615 	0.2424 
0.0310 	0.0932 	-0.1554 	-1.6642 	1.3776 	0.2224 
0.0250 	0.0896 	-0.1429 	-1.6572 	1.3936 	0.2041 
0.0220 	0.0861 	-0.1308 	-1.6502 	1.4084 	0.1863 
0.0180 	0.0829 	-0.1201 	-1.6442 	1.4229 	0.1693 
0.0150 	0.0794 	-0.1098 	-1.6382 	1.4364 	0.1544 
0.0140 	0.0759 	-0.0991 	-1.6324 	1.4489 	0.1403 
0.0110 	0.0734 	-0.0906 	-1.6270 	1.4617 	0.1269 
0.0080 	0.0709 	-0.0818 	-1.6219 	1.4719 	0.1153 
0.0070 	0.0682 	-0.0732 	-1.6168 	1.4832 	0.1050 
0.0060 	0.0657 	-0.0664 	-1.6124 	1.4927 	0.0956 
0.0040 	0.0638 	-0.0595 	-1.6082 	1.5006 	0.0861 
0.0040 	0.0622 	-0.0542 	-1.6047 	1.5076 	0.0791 
0.0030 	0.0607 	-0.0490 	-1.6014 	1.5157 	0.0728 
0.0030 	0.0588 	-0.0435 	-1.5991 	1.5211 	0.0670 
0.0030 	0.0579 	-0.0389 	-1.5963 	1.5259 	0.0615 
0.0030 	0.0571 	-0.0357 	-1.5945 	1.5300 	0.0570 
0.0030 	0.0563 	-0.0333 	-1.5925 	1.5346 	0.0540 
0.0030 	0.0554 	-0.0317 	-1.5910 	1.5387 	0.0518 
0.0030 	0.0544 	-0.0307 	-1.5903 	1.5411 	0.0485 
0.0030 	0.0536 	-0.0284 	-1.5894 	1.5430 	0.0462 
0.0030 	0.0528 	-0.0272 	-1.5883 	1.5439 	0.0451 
0.0030 	0.0519 	-0.0269 	-1.5875 	1.5452 	0.0436 
0.0020 	0.0509 	-0.0266 	-1.5868 	1.5477 	0.0427 
0.0020 	0.0501 	-0.0262 	-1.5861 	1.5478 	0.0423 
0.0020 	0.0493 	-0.0254 	-1.5851 	1.5482 	0.0419 
0.0020 	0.0485 	-0.0227 	-1.5839 	1.5487 	0.0414 
